100 300 100
69 80
16 39
18 88
76 80
83 91
22 71
5 56
75 90
44 86
16 46
67 94
50 61
69 92
22 85
69 85
10 59
74 86
22 62
35 37
28 85
38 63
25 56
49 76
94 99
36 97
35 61
38 80
3 28
58 70
22 51
11 29
5 40
3 95
79 88
22 92
29 95
15 27
82 85
31 83
10 37
36 95
2 60
23 29
4 78
17 56
53 76
14 93
36 83
13 23
32 90
30 35
13 46
5 63
1 18
1 95
38 58
41 45
54 58
3 98
2 49
28 59
38 40
58 93
60 96
31 50
11 13
68 99
28 80
62 74
41 60
22 32
34 98
6 48
52 61
54 99
15 55
63 85
33 74
23 67
63 97
14 18
5 95
26 52
8 57
31 44
17 94
63 98
26 94
34 50
31 56
8 64
42 91
46 49
47 75
31 42
14 80
33 69
74 97
33 62
55 79
40 92
37 62
12 30
11 33
83 92
21 38
18 70
3 25
15 69
48 63
47 59
21 75
28 81
23 36
48 64
53 78
5 35
20 35
31 48
61 65
27 62
24 53
14 40
34 54
61 78
20 89
29 93
32 95
24 80
89 98
54 69
31 46
26 60
86 93
12 93
26 28
7 61
25 94
35 45
4 37
89 92
10 75
5 52
39 45
6 95
39 57
2 57
86 92
40 80
53 73
5 38
56 65
7 53
23 65
87 98
65 85
21 81
51 66
7 73
60 69
17 71
5 66
8 91
57 84
23 80
36 62
6 27
0 10
43 82
19 45
7 84
21 28
6 9
22 86
51 79
62 72
19 87
63 76
1 94
48 95
33 83
6 28
38 68
3 53
18 86
2 8
29 55
8 40
53 74
61 83
6 45
22 76
16 56
0 45
26 33
63 69
1 78
45 52
46 77
75 95
12 60
2 30
56 59
10 33
58 74
42 52
33 76
52 94
7 25
25 39
21 82
33 89
46 84
59 87
76 94
7 98
79 94
10 56
37 68
30 47
14 54
40 42
45 83
17 33
1 70
25 75
65 76
74 95
8 44
26 73
62 88
80 85
27 87
23 55
10 18
91 96
15 52
15 51
2 83
45 82
2 48
15 57
17 97
58 94
68 84
22 84
81 83
11 56
42 78
81 84
57 68
28 45
0 62
17 19
32 40
14 23
35 62
10 58
19 50
11 64
51 72
72 95
63 84
26 96
60 78
31 60
37 48
50 74
46 69
25 34
25 40
33 48
84 95
51 55
23 83
52 70
14 20
38 79
34 36
24 31
35 42
47 58
8 56
7 35
15 37
6 81
22 26
14 37
70 89
77 95
24 52
23 45
29 59
2 59
1 80
26 43
48 87
65 93
11 96
61 22
