100 300 100
63 76
13 68
29 96
4 57
21 58
34 39
4 18
53 74
4 77
5 70
48 98
54 83
34 65
39 81
28 79
19 71
3 88
82 96
31 40
82 99
39 69
36 71
6 24
28 43
35 97
13 56
12 43
52 78
42 55
52 61
45 88
91 93
40 60
20 43
37 74
10 67
33 69
45 82
65 77
20 67
51 76
9 90
11 70
3 15
37 59
14 91
61 78
43 91
93 96
9 68
12 83
1 11
4 80
66 99
58 79
14 40
66 78
35 54
8 10
37 46
13 63
25 42
7 14
40 82
61 67
12 17
40 96
30 58
32 56
60 74
5 34
37 44
15 73
20 38
4 36
85 87
62 74
18 88
38 97
72 81
55 78
59 76
65 98
51 55
52 56
9 74
69 93
22 43
28 40
30 44
17 39
45 62
15 51
7 63
33 42
60 88
47 52
67 71
3 17
6 11
5 10
1 64
30 75
37 95
44 78
0 93
19 58
10 65
26 81
35 65
48 62
71 78
0 60
7 74
70 88
41 92
35 49
55 61
17 99
52 72
8 87
74 91
35 57
7 24
4 22
38 98
26 29
47 80
47 56
26 68
0 53
37 99
27 90
7 49
40 45
38 88
33 94
1 33
46 95
32 97
48 51
79 81
49 77
87 99
12 20
73 80
41 47
26 46
49 56
23 93
21 90
20 26
15 42
19 89
50 82
60 92
18 22
32 42
30 46
58 70
17 74
33 86
8 72
43 63
32 82
71 99
11 82
87 91
7 64
27 87
35 43
2 16
7 47
2 4
5 18
33 53
9 76
45 94
6 10
9 45
70 95
10 72
9 34
51 75
46 70
56 67
8 88
65 93
5 35
12 37
62 70
26 35
35 45
42 92
37 45
66 76
28 39
41 98
63 92
4 35
22 57
20 32
78 97
23 44
36 95
28 41
14 17
20 46
65 82
50 56
37 66
48 64
69 79
68 96
10 91
3 18
54 81
66 82
18 94
70 96
85 88
9 79
19 68
74 77
13 83
7 21
64 66
15 79
44 75
32 76
42 69
26 88
29 92
47 61
57 63
44 65
58 66
44 91
39 78
13 77
24 99
2 17
38 95
94 96
28 56
31 68
18 35
19 76
6 8
1 19
23 52
27 89
59 90
40 76
27 74
16 57
17 28
14 55
63 82
29 38
43 69
29 85
64 90
12 90
11 56
84 99
6 59
60 86
16 98
31 59
1 56
10 34
35 82
14 56
0 7
75 82
27 29
22 90
54 67
37 89
1 30
22 37
46 61
12 66
49 70
4 79
41 51
4 78
85 91
16 79
6 57
23 42
3 74
27 77
7 35
22 47
84 90
68 85
27 30
49 49
