100 100 50
63 99
53 66
51 58
91 75
70 71
93 74
50 51
61 78
84 79
58 98
75 59
52 95
79 83
87 68
76 92
81 85
77 89
97 56
56 61
68 76
54 70
80 65
62 97
85 63
86 67
57 87
78 64
99 90
95 73
60 82
89 86
83 93
67 57
65 91
73 53
74 54
82 96
98 88
69 50
59 77
72 94
96 55
92 69
88 72
94 62
64 60
55 81
66 80
90 84
0 52
71 49
1 52
71 48
2 52
71 47
71 46
3 52
4 52
71 45
71 44
71 43
5 52
71 42
71 41
6 52
71 40
7 52
71 39
8 52
9 52
10 52
11 52
12 52
13 52
14 52
71 38
15 52
71 37
71 36
71 35
71 34
16 52
17 52
18 52
71 33
71 32
19 52
20 52
21 52
22 52
71 31
23 52
71 30
24 52
25 52
71 29
26 52
71 28
71 27
27 52
