100 91 10
92 79
97 82
86 50
36 39
49 69
90 26
87 88
11 85
15 16
62 46
32 44
44 98
74 90
79 63
29 52
73 60
71 14
93 71
83 21
95 15
28 65
18 53
93 62
68 43
99 42
70 61
23 32
57 40
65 36
60 70
53 59
76 38
41 31
96 55
24 25
13 20
80 77
58 24
61 84
84 41
29 34
47 96
39 29
96 89
43 99
85 12
14 45
26 27
21 10
72 18
51 68
11 67
82 76
42 19
64 80
77 92
16 54
35 51
55 0
54 66
20 83
66 22
17 13
88 78
84 56
94 57
69 37
12 86
33 91
50 81
10 49
19 74
46 94
67 58
98 17
31 47
27 75
81 97
63 48
7 30
25 35
30 23
62 95
75 28
74 64
37 87
34 93
22 73
47 33
59 11
69 72
