100 112 10
12 29
53 51
36 30
41 89
37 10
83 29
99 84
32 33
93 5
85 34
58 17
66 73
28 98
87 41
46 47
94 49
95 11
81 88
17 31
24 44
76 65
45 58
71 52
59 28
67 62
34 58
69 40
79 87
46 17
36 38
68 12
71 12
81 21
73 61
5 75
43 83
89 57
35 8
2 98
63 16
43 62
46 15
59 93
75 36
43 66
92 80
49 68
26 7
43 49
61 18
56 1
47 17
7 83
95 20
19 22
79 22
44 60
14 26
34 67
23 37
0 92
88 16
41 49
29 81
13 18
40 95
52 12
68 94
41 85
34 17
59 15
55 44
77 92
45 5
59 33
20 97
76 95
32 44
29 31
49 96
65 19
82 2
53 91
6 38
98 76
88 97
69 91
26 28
47 14
92 42
25 26
78 94
55 36
9 81
8 65
3 53
50 79
1 70
35 71
92 32
58 20
22 97
15 56
36 43
38 42
54 18
36 7
48 50
64 54
69 98
22 65
49 3
