100 106 10
19 85
94 80
54 20
15 73
73 81
30 91
35 31
56 25
53 18
89 86
23 89
91 13
48 30
77 42
92 15
51 64
93 94
36 34
20 54
44 23
69 87
70 72
79 46
13 53
58 45
64 19
71 38
25 62
62 79
11 14
49 12
46 26
99 95
95 59
88 97
57 55
86 98
40 78
87 16
22 88
67 21
50 51
63 11
12 10
18 47
43 27
81 92
66 96
38 52
61 74
31 63
33 43
39 48
29 35
26 49
65 99
90 33
83 93
42 39
34 75
37 50
60 41
10 70
17 68
41 77
27 40
78 83
14 32
75 44
96 58
98 57
97 65
45 37
55 84
76 17
72 56
16 61
21 90
32 29
59 28
47 71
84 22
24 82
28 36
82 66
80 69
74 67
68 24
52 60
85 76
70 23
14 8
92 2
44 7
29 67
73 3
23 9
0 88
62 3
92 7
81 9
8 68
78 26
71 6
5 54
3 33
