100 174 48
51 94
83 88
83 31
26 51
88 92
26 91
94 91
61 46
61 83
61 26
92 51
26 88
31 51
46 51
83 26
83 46
61 31
46 94
31 94
26 94
46 91
92 46
31 91
31 88
33 45
6 43
11 30
11 23
17 38
23 28
15 35
30 36
3 32
12 28
5 34
13 21
1 22
34 64
38 42
5 44
29 36
1 23
42 79
7 39
8 36
17 24
39 45
7 58
14 58
0 96
96 8
0 72
72 9
0 54
54 9
54 72
72 96
0 81
81 10
0 95
95 10
95 81
81 54
0 71
71 11
0 74
74 11
74 71
71 95
0 75
75 12
0 62
62 12
62 75
75 74
0 84
84 13
0 68
68 13
68 84
84 62
0 82
82 14
0 85
85 14
85 82
82 68
0 49
49 15
0 57
57 15
57 49
49 85
0 90
90 16
0 87
87 16
87 90
90 57
0 77
77 17
0 97
97 17
97 77
77 87
0 70
70 18
0 80
80 18
80 70
70 97
0 69
69 19
0 60
60 19
60 69
69 80
9 86
86 19
8 73
73 19
8 99
99 19
73 99
86 73
7 55
55 19
7 59
59 19
55 59
99 55
6 50
50 19
6 93
93 19
50 93
59 50
5 89
89 19
5 76
76 19
89 76
93 89
4 65
65 19
4 63
63 19
65 63
76 65
3 56
56 19
3 52
52 19
56 52
63 56
2 78
78 19
2 48
48 19
78 48
52 78
1 98
98 19
1 66
66 19
98 66
48 98
0 53
53 19
0 67
67 19
53 67
66 53
67 60
