100 255 25
74 17
34 7
40 15
2 54
49 60
11 41
68 95
53 11
40 7
31 4
4 44
25 34
38 35
86 33
72 12
53 25
39 65
3 73
28 11
92 16
27 91
52 12
28 0
58 8
2 68
19 29
14 94
31 2
93 1
96 31
6 44
95 71
63 4
15 94
52 30
51 87
40 58
19 68
96 6
18 57
38 13
35 40
1 60
42 12
11 32
6 68
0 48
8 44
1 73
74 11
93 9
27 6
30 20
88 75
42 11
0 75
13 73
97 20
74 37
98 20
7 73
85 86
58 28
21 75
63 12
63 22
56 90
76 61
14 73
62 94
84 73
28 74
96 7
37 85
17 62
72 18
0 84
29 68
20 79
31 13
98 38
0 50
75 44
28 22
27 3
2 88
83 56
72 80
10 29
40 6
16 54
87 66
34 22
57 79
98 9
5 59
26 82
55 76
96 18
99 88
54 57
80 3
71 84
34 97
52 6
72 20
59 32
82 45
31 5
67 42
34 20
10 88
78 39
96 0
46 36
48 62
33 64
70 78
80 5
10 77
25 18
90 47
74 21
34 8
19 41
28 24
64 26
12 95
19 99
41 59
43 72
1 62
65 55
7 99
40 21
93 63
0 94
92 20
30 67
6 99
47 70
4 94
17 49
96 19
94 77
91 6
40 16
81 50
24 60
74 15
91 93
36 81
35 5
42 98
52 9
9 88
69 54
12 68
0 29
77 69
13 77
79 89
44 29
63 92
20 84
34 17
89 49
61 46
92 53
4 84
15 57
72 2
32 99
66 83
6 54
93 3
25 4
72 10
12 41
21 69
4 71
10 75
31 52
80 96
22 48
20 44
73 48
67 14
23 88
43 20
45 51
50 41
97 43
81 24
28 14
0 37
11 68
31 8
0 32
42 9
1 37
81 23
81 22
81 21
14 77
7 50
81 20
2 37
17 57
98 11
31 23
81 19
58 12
3 60
81 18
38 19
20 32
8 88
3 37
72 4
93 16
14 71
81 17
10 41
81 16
34 12
4 37
7 32
23 59
81 15
7 68
81 14
81 13
14 48
2 29
81 12
81 11
9 75
91 9
12 89
25 6
19 75
93 8
81 10
53 23
81 9
74 22
34 24
81 8
81 7
30 14
81 6
81 5
67 17
5 37
