1000 4009 480
7 547
562 470
897 46
215 842
748 7
644 617
578 215
274 842
413 871
605 326
46 644
775 60
726 46
28 826
7 488
860 219
775 258
886 413
509 165
82 696
797 174
179 930
605 114
886 112
46 767
981 174
668 82
326 610
509 351
470 702
886 470
748 222
493 308
797 141
775 461
741 75
587 584
981 274
357 842
993 141
897 351
726 114
351 707
509 179
141 488
886 222
470 907
165 734
82 547
578 116
969 562
493 461
389 696
413 767
357 707
165 930
969 141
775 141
274 649
222 610
886 165
775 222
969 146
726 351
727 46
174 488
605 389
75 785
748 258
547 696
981 184
146 842
0 785
165 842
578 46
645 574
886 461
860 82
413 644
493 75
775 741
662 179
7 930
697 357
775 28
578 222
413 649
932 174
114 537
326 734
697 413
184 871
932 326
470 785
562 75
726 28
741 116
850 887
726 179
179 871
886 389
543 351
886 326
146 635
562 413
605 46
258 696
726 308
389 707
605 141
0 962
709 850
461 871
578 82
897 165
308 826
116 812
326 907
82 812
897 969
969 222
509 0
184 842
578 0
174 855
112 842
886 219
146 610
219 696
886 0
509 219
562 308
981 141
543 146
727 184
75 644
562 82
112 855
215 547
141 610
932 146
493 174
258 826
871 855
981 351
797 461
7 734
897 146
748 82
726 413
184 988
741 219
461 702
28 871
493 351
726 60
60 826
741 7
165 696
886 60
897 116
697 7
46 635
184 702
221 488
141 855
697 461
650 922
509 258
562 326
75 871
969 326
727 174
726 221
844 707
222 649
114 962
221 610
727 219
981 695
60 696
28 812
969 219
221 812
562 46
174 988
726 7
146 547
184 547
886 215
897 357
981 461
734 907
797 165
695 258
860 146
981 7
748 146
75 826
932 179
578 146
174 547
695 146
141 767
413 635
897 274
886 75
860 258
993 461
605 112
543 82
775 114
116 907
116 842
932 221
470 644
860 7
222 488
326 767
897 60
82 842
509 274
258 617
0 855
112 644
274 767
46 649
993 389
697 219
413 842
179 547
562 219
219 907
741 932
775 470
726 184
993 222
274 844
695 215
860 28
543 75
7 988
748 697
221 547
775 179
146 855
727 389
726 326
46 707
112 537
179 696
258 767
993 258
993 60
932 726
222 767
969 112
695 897
932 222
797 0
7 702
932 28
215 635
748 357
215 930
357 767
28 649
969 308
258 855
797 274
562 222
509 221
165 547
565 502
470 537
112 930
605 165
219 635
215 707
741 258
174 734
860 357
726 116
748 46
562 174
509 116
697 221
605 0
668 165
493 60
987 632
662 219
509 470
662 461
668 274
221 907
357 734
578 112
668 116
7 767
932 389
748 165
28 767
82 962
165 635
697 351
222 617
969 413
461 610
668 141
82 644
114 855
726 470
578 605
543 60
222 696
562 141
695 141
146 988
493 748
28 610
219 988
696 635
605 274
389 644
351 907
695 274
932 184
493 222
215 844
797 7
886 308
165 488
886 114
116 702
969 389
932 215
695 114
981 219
727 82
184 930
112 635
543 46
668 174
860 274
28 696
215 855
308 537
668 114
543 222
695 75
886 174
222 842
60 855
146 785
389 930
60 734
574 954
174 617
981 258
578 165
775 326
897 114
662 413
146 812
141 649
748 116
886 179
75 610
562 351
886 258
695 179
413 855
326 871
981 116
562 215
0 610
488 644
943 713
886 141
584 935
578 470
116 610
562 357
258 649
326 826
114 617
274 702
797 578
112 871
726 357
146 488
184 844
221 649
668 461
697 222
116 785
748 351
174 844
860 114
413 617
174 767
114 649
981 82
727 60
184 785
509 75
389 767
46 812
470 844
493 46
221 644
184 649
543 470
274 855
179 707
860 351
116 930
562 389
141 826
165 644
578 141
470 812
775 413
215 962
75 962
697 141
543 7
797 60
461 635
470 826
215 644
60 842
775 146
28 488
695 112
326 702
726 219
897 174
28 707
748 60
741 326
668 179
75 537
741 0
179 610
605 174
308 702
727 141
578 389
707 785
82 785
562 28
219 826
562 461
141 907
28 842
357 610
219 488
578 28
461 988
165 826
7 962
184 610
82 734
351 871
695 308
146 962
60 702
662 184
413 785
0 842
617 537
146 702
82 767
886 46
46 844
543 413
184 488
258 844
562 258
969 165
981 357
981 112
897 470
662 82
697 860
75 696
993 413
141 812
697 28
727 351
932 112
727 0
274 696
695 326
7 907
842 871
981 221
748 389
741 308
897 82
116 696
221 785
46 617
748 308
215 488
543 215
509 82
695 219
493 184
727 493
748 461
932 219
308 767
179 617
649 844
326 855
668 60
993 0
860 46
46 907
326 617
697 112
695 413
668 146
326 547
221 635
258 547
75 812
932 357
605 215
668 258
543 165
969 82
165 962
179 962
662 222
656 565
114 844
274 610
886 351
413 488
221 617
860 326
771 964
897 461
697 0
886 221
578 413
932 60
886 7
775 7
887 656
461 617
741 274
797 258
841 771
215 649
662 668
184 644
114 871
470 635
165 767
221 702
562 0
0 988
357 702
775 46
46 826
695 461
28 785
114 702
357 635
964 987
509 308
493 221
75 707
897 141
174 907
605 219
461 826
697 174
222 734
860 222
509 389
222 962
174 635
215 617
116 734
886 82
797 221
75 844
7 785
695 7
60 871
116 962
219 702
969 0
326 635
775 184
413 547
0 812
326 842
141 635
221 696
114 812
413 907
993 146
75 907
0 537
543 357
461 785
897 215
922 943
326 537
28 844
114 988
543 114
46 785
221 988
7 844
461 734
222 907
461 547
537 702
60 610
116 767
389 842
174 930
146 537
116 488
578 258
668 219
308 547
114 696
775 174
174 610
389 988
668 308
146 696
222 702
326 844
932 165
993 357
932 82
75 930
389 855
493 326
741 351
179 702
141 696
695 0
219 649
697 146
860 221
695 174
493 112
112 734
461 855
112 767
981 75
726 258
578 326
219 930
981 60
697 274
222 707
274 707
493 114
75 988
741 184
632 645
981 389
969 215
184 907
741 461
165 855
357 537
605 75
146 826
357 855
165 844
179 537
165 610
461 907
543 461
969 221
775 308
82 930
470 547
860 461
46 842
219 610
60 649
7 617
797 75
146 707
897 219
605 179
274 930
668 7
221 844
509 112
543 886
767 812
75 842
981 470
860 141
219 844
179 988
326 488
662 112
668 221
662 308
695 116
165 871
886 28
112 812
727 222
165 812
668 727
981 179
543 326
165 649
543 179
668 112
578 274
493 357
60 988
993 116
308 696
184 696
351 767
702 734
114 930
60 812
697 308
219 537
470 842
75 488
493 179
141 617
184 537
993 184
509 174
174 644
668 75
184 617
116 547
7 649
562 116
727 258
357 844
775 75
726 993
886 357
748 114
326 707
274 962
389 826
258 812
775 274
116 855
413 696
179 635
726 112
82 988
174 842
562 662
60 488
662 470
389 610
112 785
146 734
165 988
509 114
258 907
860 174
932 114
308 930
221 962
75 617
60 537
662 326
215 785
797 222
897 389
509 28
413 930
7 537
0 734
146 644
697 60
748 28
461 649
112 649
165 907
461 844
775 221
981 326
886 116
897 221
993 326
860 470
82 907
493 165
141 707
258 702
7 812
75 702
969 75
954 547
748 174
562 114
7 610
46 610
274 988
797 413
741 165
697 389
797 351
826 767
308 635
727 461
114 734
146 907
351 537
112 826
509 326
116 635
28 537
605 357
695 60
860 179
509 146
461 812
222 988
546 709
165 702
509 184
351 785
461 696
493 219
28 617
605 470
461 707
988 610
562 221
726 146
60 844
726 389
0 547
897 308
860 116
114 842
221 871
775 215
727 116
726 461
174 696
141 734
741 28
7 826
935 841
470 707
578 219
413 962
605 28
981 146
258 988
0 696
860 75
0 617
0 702
470 488
932 351
748 274
46 488
258 842
543 28
60 785
860 215
357 962
932 470
470 767
114 767
897 179
775 116
215 537
222 844
222 785
308 610
969 7
697 470
897 7
461 488
351 635
509 357
116 988
562 146
668 326
174 707
969 184
146 767
775 219
114 610
662 174
146 844
741 114
741 112
543 258
697 215
28 702
605 7
962 826
326 812
179 844
797 112
741 179
812 988
357 826
543 0
695 82
28 635
993 114
116 644
219 842
726 75
351 842
993 509
727 357
578 184
60 635
502 650
219 871
326 785
578 75
860 60
605 258
993 165
165 617
605 351
668 0
389 488
174 649
741 221
351 488
886 146
274 617
697 46
28 988
184 767
741 60
351 696
668 46
668 389
562 274
797 116
509 546
969 179
695 184
351 644
274 488
562 165
726 165
993 82
605 308
578 114
578 351
274 907
509 60
605 222
662 114
0 844
215 988
7 707
662 28
351 855
662 116
748 179
697 165
727 146
493 274
493 389
797 82
351 617
993 179
351 962
28 855
797 46
860 413
222 812
605 981
907 930
543 389
28 962
28 734
697 179
897 112
932 0
46 855
219 707
748 326
668 215
326 988
668 357
969 46
775 112
179 767
726 82
797 28
578 60
969 60
635 842
697 114
179 644
695 221
668 28
184 707
308 844
748 141
930 649
308 907
461 962
60 617
112 707
179 907
470 871
748 184
855 488
141 962
215 702
116 844
578 221
308 488
981 413
184 962
748 470
389 871
114 488
741 389
46 871
0 907
389 702
179 785
662 357
82 537
222 644
897 326
605 60
258 635
461 842
886 184
993 221
969 28
969 461
357 988
308 644
470 617
932 116
860 543
221 842
141 547
697 75
713 836
28 547
493 28
662 165
141 785
326 649
174 871
141 930
274 644
174 826
562 179
543 112
461 767
60 907
785 962
28 930
221 537
668 184
308 707
727 28
836 587
357 812
993 46
886 775
0 546
274 547
82 635
75 734
146 617
116 537
221 734
258 962
7 546
969 357
0 767
981 215
116 649
75 635
726 174
326 962
0 930
695 351
562 112
470 610
146 930
141 844
308 842
993 28
954 470
543 116
932 141
165 537
860 389
562 184
578 174
357 785
413 844
860 112
726 215
351 610
897 0
981 28
993 219
0 871
797 389
860 184
969 174
112 907
797 470
954 461
662 215
797 179
461 930
954 413
797 219
981 165
605 461
993 112
258 871
726 222
28 546
112 617
112 610
46 546
662 146
727 413
46 988
141 644
0 826
605 413
114 707
60 546
470 855
222 871
258 610
932 274
114 644
60 547
179 826
578 7
509 141
114 907
179 842
219 785
174 702
82 855
222 635
605 184
258 537
146 871
7 696
954 389
46 537
727 165
668 222
28 644
75 546
114 826
7 855
179 488
932 258
993 174
222 930
184 826
662 0
993 215
741 146
112 696
797 308
351 734
797 184
543 308
695 46
741 470
954 357
993 274
82 546
413 537
727 326
897 222
114 635
82 617
509 222
470 962
308 962
797 215
351 988
954 351
258 488
75 649
509 215
748 221
357 547
461 537
215 871
748 215
0 644
308 855
179 734
351 844
82 871
219 734
116 707
981 46
46 930
221 855
775 357
727 75
543 141
174 785
668 351
413 610
775 0
969 258
662 75
141 988
112 546
695 222
0 635
509 46
389 785
662 258
165 785
351 702
112 702
461 644
897 413
389 962
493 413
0 488
493 116
695 389
308 988
493 141
114 546
274 734
727 308
351 547
413 988
886 274
470 734
605 116
741 141
578 357
174 812
727 7
326 930
954 326
308 617
543 219
741 174
493 146
389 734
981 222
969 274
389 812
727 470
116 871
221 707
308 734
215 734
274 635
470 988
860 0
662 221
7 871
357 696
184 812
993 308
741 82
775 165
46 962
274 826
932 46
727 179
7 644
357 644
748 413
697 258
543 221
493 215
797 357
543 274
775 82
112 988
116 546
543 184
7 635
326 696
114 785
308 785
326 644
932 413
493 258
727 221
969 116
179 649
357 871
141 546
727 274
897 184
389 907
695 165
82 826
775 351
389 649
141 871
219 547
116 826
741 413
215 907
146 546
357 649
219 855
215 826
748 0
897 258
969 351
258 785
184 734
668 413
60 707
146 649
470 930
981 308
775 389
727 215
470 696
82 702
219 644
357 617
662 274
697 184
954 308
662 60
116 617
413 707
219 812
82 844
860 165
258 930
114 547
179 812
993 470
184 635
351 826
697 116
578 308
165 546
748 112
493 470
509 7
981 0
219 617
932 461
222 826
308 812
174 537
308 649
993 75
258 734
897 75
797 146
748 219
274 785
221 826
605 82
662 46
578 179
470 649
141 537
797 114
389 844
389 547
357 930
112 488
274 537
60 962
932 7
695 470
969 470
860 308
112 962
46 547
357 488
174 546
179 546
726 141
695 28
741 357
179 855
543 174
46 702
308 871
413 826
668 470
493 0
578 461
75 767
75 547
969 114
727 114
351 930
605 146
141 842
112 547
184 546
509 461
46 734
215 610
75 855
222 547
28 907
413 734
897 28
82 649
741 222
215 546
697 326
60 644
82 610
954 274
493 82
748 75
46 696
221 930
662 7
219 962
954 258
697 82
662 389
493 7
932 308
954 222
215 812
954 221
413 812
219 546
174 962
726 274
726 0
509 413
727 112
389 617
741 215
981 114
357 907
221 767
222 855
389 537
993 7
60 767
60 930
662 351
932 75
0 707
351 649
413 702
993 351
274 871
82 488
258 644
215 767
112 844
0 649
562 7
389 635
215 696
184 855
562 60
741 46
695 357
7 842
351 812
165 707
82 707
797 326
222 537
662 141
141 702
605 221
219 767
258 707
274 812
12 66
106 181
251 983
65 520
93 406
149 504
251 323
298 999
894 776
333 754
398 416
435 441
130 396
410 700
429 959
73 549
51 434
10 271
276 723
85 798
354 409
205 967
298 648
139 364
126 465
19 124
241 458
412 847
382 787
744 622
170 914
218 474
25 45
339 429
195 285
205 737
777 738
313 392
164 218
152 333
268 792
423 434
120 246
197 300
385 387
195 746
330 398
292 438
261 468
254 285
104 965
128 203
152 176
347 362
36 839
370 416
338 438
98 192
66 100
63 67
347 457
380 452
127 623
263 355
83 118
107 737
157 360
289 352
939 811
193 347
328 397
330 892
171 607
111 959
647 588
19 26
294 647
238 403
303 437
585 593
462 965
51 466
65 130
39 331
111 739
84 339
79 403
895 946
26 234
330 392
300 669
285 390
253 808
181 309
40 61
109 331
128 135
343 894
126 272
3 93
744 909
110 722
130 980
303 430
18 242
232 504
15 784
250 436
282 722
176 284
111 400
138 718
177 260
324 638
157 585
167 539
138 975
152 485
363 944
204 232
58 118
78 751
68 144
467 909
970 811
191 446
180 973
290 638
368 433
377 598
162 371
127 401
52 200
30 415
240 425
69 997
98 127
200 238
164 386
175 341
603 779
172 371
68 152
284 298
196 257
417 891
478 970
105 320
858 550
18 324
157 622
799 570
273 580
878 852
93 233
201 231
68 168
463 779
69 248
6 107
350 408
306 450
29 32
44 160
196 400
444 520
50 313
434 539
390 973
90 701
426 451
306 941
62 959
297 862
76 333
93 622
218 520
35 89
144 364
67 109
211 230
278 746
345 355
602 772
420 457
393 765
356 388
164 471
83 197
376 770
33 279
452 798
362 432
267 956
55 778
36 273
208 317
124 471
235 929
90 312
217 999
22 93
22 623
169 917
368 571
280 375
278 376
65 361
206 233
113 658
12 355
387 399
291 550
50 999
370 701
234 286
421 433
535 522
337 358
260 437
11 459
220 983
527 917
38 318
220 687
34 539
339 453
307 401
857 893
365 875
187 403
147 982
124 182
403 477
390 519
155 822
404 477
450 884
269 319
464 754
171 425
350 669
173 349
359 616
200 436
430 468
35 272
117 304
381 956
142 283
747 809
163 893
415 477
12 226
226 765
304 362
318 853
251 403
263 516
115 701
291 415
265 749
183 914
192 197
378 862
217 352
210 271
35 318
777 784
370 466
273 438
270 451
262 531
272 567
63 198
199 400
225 663
80 336
340 399
31 691
199 265
377 393
144 722
145 158
204 691
753 550
257 427
186 570
214 404
224 857
161 286
279 585
70 811
363 436
476 870
201 265
246 277
10 147
1 40
452 766
464 701
332 638
895 847
22 784
406 852
37 917
47 333
304 778
306 614
119 743
249 398
102 463
144 918
264 920
196 572
191 402
21 477
967 832
162 304
84 365
401 469
370 475
64 765
115 918
187 199
57 382
466 893
105 917
142 492
90 282
185 600
393 570
130 895
411 444
261 449
277 951
416 909
144 194
545 894
107 765
232 602
255 448
665 730
41 939
430 614
8 315
124 875
29 669
103 208
280 292
669 908
475 658
317 700
2 858
277 852
38 93
62 182
94 366
206 967
404 579
397 435
211 687
42 304
303 875
161 424
296 917
19 232
392 460
965 847
318 770
633 607
307 548
198 349
171 191
136 799
325 663
191 380
149 458
399 623
394 951
188 739
600 765
161 883
248 426
94 263
121 132
691 776
310 980
136 345
32 354
9 337
6 317
13 478
96 277
811 983
825 874
455 753
51 319
474 738
416 754
315 417
54 406
738 946
392 772
81 432
869 920
446 858
78 531
276 332
228 231
338 853
124 862
77 469
200 857
280 296
420 448
89 795
353 454
192 226
36 280
63 172
17 276
248 365
212 309
87 202
460 663
432 847
459 909
65 600
41 153
100 295
264 616
226 441
388 447
37 189
344 414
246 408
32 362
252 371
270 622
1 665
25 44
92 929
105 909
94 260
753 884
385 440
334 438
80 356
8 294
406 415
939 799
88 784
173 786
311 811
22 250
479 593
31 352
545 647
220 421
110 798
170 449
12 548
117 347
89 160
205 455
107 432
447 853
177 340
137 718
97 139
193 676
443 447
296 487
18 22
40 275
254 801
66 579
287 453
457 669
71 224
34 722
366 965
14 211
147 614
580 593
8 66
92 227
464 857
253 336
839 880
74 458
317 430
92 373
239 638
302 754
98 210
188 744
50 623
128 847
106 349
119 138
47 869
319 475
107 239
94 325
285 336
63 825
180 317
58 603
244 346
156 423
287 878
968 967
218 294
343 967
65 929
115 477
340 878
485 908
117 619
138 421
248 516
25 811
235 304
388 881
99 676
45 202
70 144
97 400
205 914
243 941
135 172
12 754
24 414
171 327
162 244
40 387
181 198
279 320
180 852
254 459
34 81
669 737
550 539
173 319
266 464
264 999
722 516
4 479
593 798
159 344
147 454
93 559
226 787
154 284
346 427
38 305
353 622
303 311
277 832
20 230
122 264
44 81
41 385
182 190
784 772
2 918
202 376
362 799
133 271
247 310
4 393
403 738
439 776
53 210
263 857
254 555
21 276
25 73
12 269
69 545
121 226
751 544
70 458
125 240
984 853
459 956
122 772
339 388
3 121
178 236
93 825
202 982
314 363
212 914
45 186
58 162
460 676
109 432
198 474
347 364
199 853
11 231
287 306
88 412
318 738
799 723
356 941
173 459
333 428
186 385
83 718
72 951
17 153
88 377
939 504
18 223
393 754
182 210
135 372
424 433
30 808
39 414
11 429
129 567
66 792
363 593
939 786
37 318
173 446
382 401
168 786
73 327
125 941
290 361
124 786
157 183
207 272
183 918
444 858
405 410
282 880
385 996
265 386
150 798
107 373
88 975
228 585
80 468
14 84
294 319
299 572
129 944
323 419
316 638
189 892
41 220
460 511
4 267
21 420
465 822
267 622
475 776
267 751
121 448
42 455
425 999
167 946
303 337
234 437
100 104
194 810
201 420
324 939
335 535
55 687
49 852
253 292
65 527
88 603
360 917
342 402
232 237
63 305
658 619
14 770
239 742
375 472
203 983
378 598
39 86
162 459
54 416
213 355
47 76
134 939
425 884
120 269
411 967
140 526
355 438
26 67
70 237
381 600
13 983
71 121
252 434
169 321
218 770
255 445
210 950
101 206
263 770
79 200
66 381
14 118
343 893
153 900
42 463
331 469
20 218
319 980
159 701
99 918
54 752
186 494
41 85
338 999
52 166
153 929
316 908
156 268
43 81
384 548
61 145
436 683
433 445
433 789
477 967
456 485
572 809
59 975
62 313
473 975
21 197
103 436
138 809
266 511
333 487
227 264
44 811
125 237
153 825
23 331
113 216
363 522
368 718
88 346
869 492
64 744
363 653
315 893
349 411
105 463
239 983
121 970
106 234
124 138
555 917
14 181
110 539
113 917
173 535
434 829
32 294
206 371
312 492
256 829
396 959
412 829
847 945
122 315
111 250
16 313
164 207
845 549
278 832
516 909
50 235
360 428
262 428
18 295
327 475
330 917
66 432
65 332
281 893
259 487
20 163
973 884
119 240
259 845
321 751
242 588
23 323
10 148
18 98
334 895
237 467
236 350
447 456
33 294
8 90
210 414
43 467
327 458
847 892
465 519
213 405
63 799
164 858
247 312
130 202
950 548
32 544
190 412
396 810
61 110
900 891
12 970
304 421
264 809
334 665
315 409
203 448
33 663
471 832
5 169
12 41
11 944
182 203
250 349
183 297
267 808
236 334
420 809
431 602
766 752
287 567
31 391
12 111
314 411
730 737
200 908
257 944
108 743
341 917
248 598
429 908
89 387
10 463
20 45
207 213
320 366
272 371
328 894
24 168
359 772
33 251
132 355
379 460
31 125
66 884
136 173
157 275
203 272
676 975
194 375
305 559
57 669
811 941
175 254
49 330
23 996
330 633
804 875
253 288
3 421
255 273
453 474
190 399
167 270
132 415
416 883
4 428
83 567
55 798
103 317
895 526
58 808
294 354
795 956
237 350
271 460
119 339
336 559
108 353
665 712
68 124
95 249
454 545
23 408
238 431
148 520
42 119
223 417
27 462
63 440
242 795
588 770
253 894
188 388
319 616
284 718
93 253
276 665
857 730
30 310
56 956
2 374
138 422
62 376
444 475
78 87
74 614
346 440
187 878
38 132
149 188
154 545
23 355
330 363
22 199
131 244
133 361
432 973
170 376
391 614
201 272
402 772
259 469
2 444
792 712
283 607
34 421
55 86
349 810
455 779
217 328
53 330
15 303
792 691
62 676
341 402
216 313
647 968
224 967
168 881
279 365
275 980
320 329
189 388
223 411
245 350
123 278
38 121
329 380
738 579
432 598
109 202
64 406
30 444
166 191
342 941
204 299
367 392
100 143
190 404
5 32
125 232
201 440
892 870
792 959
243 471
395 399
387 469
376 555
458 965
44 417
168 527
309 804
254 355
212 456
424 959
40 984
301 438
321 336
261 337
63 68
31 176
148 224
16 53
183 824
120 522
132 211
10 366
405 421
133 282
3 914
27 230
72 388
245 614
40 256
314 798
2 822
203 260
155 878
113 340
80 250
121 439
36 286
169 253
178 701
464 939
383 463
39 337
464 874
418 920
125 293
801 909
468 770
120 266
15 31
29 476
249 808
115 430
197 432
409 822
104 397
527 766
383 616
459 545
232 289
829 539
43 476
188 348
316 361
247 476
11 131
473 653
446 449
900 531
297 452
44 105
235 309
21 663
10 273
124 347
164 683
177 332
418 520
166 891
951 894
137 383
117 535
20 197
284 944
80 701
163 999
103 134
18 38
14 45
50 268
123 298
235 408
777 792
429 984
142 602
408 638
95 718
375 545
90 388
167 307
126 287
65 471
266 832
261 302
789 875
336 361
59 79
57 403
386 437
237 880
152 723
74 967
266 914
895 832
97 444
156 465
120 464
138 269
109 254
57 65
302 320
44 234
355 619
352 900
409 743
15 386
265 438
131 516
117 365
21 123
914 852
173 364
457 950
145 839
172 370
245 371
162 198
65 152
700 766
301 786
324 878
24 59
292 343
100 178
331 878
460 880
81 390
22 364
128 322
965 519
263 400
405 965
415 464
290 474
359 550
65 236
474 792
268 431
117 151
208 393
435 647
43 417
300 544
120 411
944 884
197 766
152 653
257 914
55 970
3 337
492 520
370 950
5 895
92 440
181 414
269 777
277 426
466 909
25 65
544 504
42 973
193 237
263 298
264 407
242 320
43 121
269 809
145 294
133 396
372 970
331 946
160 433
12 44
687 829
459 908
239 752
186 206
118 140
253 494
106 270
54 256
134 286
272 337
183 798
371 418
91 347
241 293
54 280
426 450
171 301
64 143
434 619
80 187
99 900
293 787
187 894
189 884
232 427
349 982
195 240
134 722
257 619
304 870
15 970
437 446
298 350
24 430
33 918
149 332
156 909
478 550
107 216
69 266
161 475
176 309
30 519
475 718
161 210
119 422
125 180
3 190
294 352
220 701
310 460
192 614
99 356
434 648
167 892
239 332
371 760
57 89
168 982
276 409
478 746
140 209
465 585
30 344
33 125
289 432
66 97
162 273
163 983
69 297
138 261
276 447
210 647
25 257
204 374
77 237
229 330
330 825
26 801
36 874
111 633
121 829
132 358
425 434
429 431
109 364
187 373
76 387
11 30
50 168
106 460
101 973
304 829
24 130
279 432
272 744
339 478
13 176
99 200
432 658
73 296
23 154
20 89
380 623
26 959
229 545
109 810
120 433
66 433
20 22
150 182
240 939
226 269
144 255
98 539
183 352
136 751
44 193
2 281
361 428
408 435
27 93
93 188
63 448
14 455
194 209
230 723
14 712
822 607
466 944
64 452
48 81
33 49
602 571
93 857
8 220
109 795
870 909
187 683
365 418
368 700
270 982
248 857
155 412
96 453
355 468
361 463
456 891
115 238
256 746
410 436
341 795
422 786
90 440
335 363
348 588
251 390
287 441
49 331
69 450
133 712
155 423
648 747
338 944
160 426
313 369
44 247
241 328
155 801
107 205
150 289
475 939
49 173
127 379
187 269
95 363
446 829
457 752
117 633
1 676
100 392
272 778
162 380
133 839
164 548
238 259
48 718
200 738
403 474
167 531
23 397
95 918
54 122
39 457
246 832
269 638
310 967
145 765
66 213
85 88
402 869
862 570
391 451
136 742
320 370
388 407
306 526
192 447
317 319
182 229
123 158
3 30
134 519
744 579
340 753
100 472
421 456
101 212
329 847
419 473
243 313
272 600
130 194
45 360
918 743
92 372
85 160
104 638
857 765
15 267
22 795
746 920
749 917
48 244
230 531
676 798
372 852
95 752
25 317
131 370
67 929
349 526
100 383
331 908
31 189
154 301
294 941
787 700
450 683
191 663
408 492
310 777
404 603
39 400
101 519
92 874
30 423
170 772
217 232
131 381
264 862
170 980
57 973
331 669
143 465
362 445
79 825
463 950
120 420
364 752
157 243
405 555
545 900
318 658
535 550
245 970
742 487
448 779
41 405
150 765
102 766
32 892
216 233
85 159
426 730
239 739
683 779
160 220
371 392
157 891
266 371
208 752
37 159
171 266
20 472
360 445
361 380
430 983
1 331
691 917
24 287
455 665
108 117
426 862
65 292
269 381
99 218
90 473
167 739
153 918
416 472
429 884
385 442
311 448
241 307
70 457
824 959
175 284
270 423
149 311
213 436
914 929
56 392
74 441
152 494
559 829
747 975
99 647
360 914
196 410
125 555
212 337
346 614
9 434
293 516
36 316
63 700
338 519
158 749
212 917
170 335
475 825
154 231
25 248
30 125
247 409
175 436
47 431
8 161
170 242
388 410
231 407
342 367
93 310
37 299
43 191
392 447
200 456
96 253
223 311
325 361
54 111
98 149
354 967
109 214
311 983
140 376
118 137
69 487
163 358
90 347
438 545
414 544
133 603
349 485
92 669
316 559
197 449
133 798
314 593
55 914
153 579
164 945
183 471
163 170
91 442
207 441
150 466
282 589
212 344
255 647
41 285
42 410
243 527
286 410
71 358
238 588
94 172
5 408
305 663
387 869
129 173
136 298
353 683
69 359
38 58
895 519
24 950
44 133
25 318
91 700
136 531
88 269
435 918
29 254
465 881
121 462
56 127
349 895
194 310
22 167
101 386
3 648
101 180
209 334
405 909
106 555
314 469
290 508
187 333
185 751
177 245
1 934
934 107
1 963
963 108
1 667
667 108
667 963
963 934
1 506
506 109
1 481
481 109
481 506
506 667
1 837
837 110
1 974
974 110
974 837
837 481
1 827
827 111
1 533
533 111
533 827
827 974
1 597
597 113
1 861
861 113
861 597
597 533
1 927
927 115
1 513
513 115
513 927
927 861
1 843
843 117
1 523
523 117
523 843
843 513
1 596
596 118
1 599
599 118
599 596
596 523
1 498
498 119
1 536
536 119
536 498
498 599
1 902
902 120
1 692
692 120
692 902
902 536
1 694
694 121
1 495
495 121
495 694
694 692
1 716
716 122
1 821
821 122
821 716
716 495
1 854
854 123
1 823
823 123
823 854
854 821
1 532
532 124
1 491
491 124
491 532
532 823
1 591
591 125
1 724
724 125
724 591
591 491
1 686
686 126
1 500
500 126
500 686
686 724
1 682
682 127
1 563
563 127
563 682
682 500
1 806
806 128
1 615
615 128
615 806
806 563
1 631
631 129
1 501
501 129
501 631
631 615
1 888
888 130
1 807
807 130
807 888
888 501
1 620
620 131
1 729
729 131
729 620
620 807
1 768
768 132
1 538
538 132
538 768
768 729
1 910
910 133
1 796
796 133
796 910
910 538
1 558
558 134
1 583
583 134
583 558
558 796
1 601
601 135
1 698
698 135
698 601
601 583
1 948
948 136
1 528
528 136
528 948
948 698
1 684
684 137
1 901
901 137
901 684
684 528
1 899
899 138
1 912
912 138
912 899
899 901
1 958
958 139
1 510
510 139
510 958
958 912
1 685
685 140
1 783
783 140
783 685
685 510
1 735
735 142
1 915
915 142
915 735
735 783
1 514
514 143
1 985
985 143
985 514
514 915
1 868
868 144
1 483
483 144
483 868
868 985
1 629
629 145
1 556
556 145
556 629
629 483
1 625
625 147
1 782
782 147
782 625
625 556
1 564
564 148
1 721
721 148
721 564
564 782
1 642
642 149
1 994
994 149
994 642
642 721
1 515
515 150
1 680
680 150
680 515
515 994
1 896
896 151
1 525
525 151
525 896
896 680
1 630
630 152
1 704
704 152
704 630
630 525
1 840
840 153
1 715
715 153
715 840
840 704
1 705
705 154
1 876
876 154
876 705
705 715
1 636
636 155
1 763
763 155
763 636
636 876
1 659
659 156
1 833
833 156
833 659
659 763
1 998
998 157
1 762
762 157
762 998
998 833
1 788
788 158
1 592
592 158
592 788
788 762
1 551
551 159
1 976
976 159
976 551
551 592
1 688
688 161
1 582
582 161
582 688
688 976
1 637
637 163
1 926
926 163
926 637
637 582
1 879
879 166
1 758
758 166
758 879
879 926
1 612
612 168
1 594
594 168
594 612
612 758
1 745
745 170
1 889
889 170
889 745
745 594
1 626
626 172
1 800
800 172
800 626
626 889
1 732
732 175
1 972
972 175
972 732
732 800
1 955
955 177
1 576
576 177
576 955
955 972
1 816
816 180
1 621
621 180
621 816
816 576
1 940
940 182
1 919
919 182
919 940
940 621
1 942
942 185
1 560
560 185
560 942
942 919
1 651
651 187
1 865
865 187
865 651
651 560
1 728
728 189
1 699
699 189
699 728
728 865
1 921
921 191
1 660
660 191
660 921
921 699
1 725
725 193
1 586
586 193
586 725
725 660
1 664
664 195
1 953
953 195
953 664
664 586
1 924
924 197
1 595
595 197
595 924
924 953
1 708
708 199
1 736
736 199
736 708
708 595
1 714
714 201
1 992
992 201
992 714
714 736
1 790
790 203
1 780
780 203
780 790
790 992
1 681
681 205
1 949
949 205
949 681
681 780
1 542
542 207
1 890
890 207
890 542
542 949
1 916
916 209
1 661
661 209
661 916
916 890
1 791
791 211
1 624
624 211
624 791
791 661
1 977
977 213
1 613
613 213
613 977
977 624
1 904
904 217
1 979
979 217
979 904
904 613
1 608
608 223
1 913
913 223
913 608
608 979
108 672
672 223
107 720
720 223
107 781
781 223
720 781
672 720
106 552
552 223
106 818
818 223
552 818
781 552
105 569
569 223
105 489
489 223
569 489
818 569
104 867
867 223
104 794
794 223
867 794
489 867
103 496
496 223
103 480
480 223
496 480
794 496
102 851
851 223
102 640
640 223
851 640
480 851
101 499
499 223
101 828
828 223
499 828
640 499
100 757
757 223
100 503
503 223
757 503
828 757
99 936
936 223
99 482
482 223
936 482
503 936
98 960
960 223
98 652
652 223
960 652
482 960
97 756
756 223
97 486
486 223
756 486
652 756
96 805
805 223
96 793
793 223
805 793
486 805
95 577
577 223
95 815
815 223
577 815
793 577
94 484
484 223
94 534
534 223
484 534
815 484
93 518
518 223
93 764
764 223
518 764
534 518
92 773
773 223
92 947
947 223
773 947
764 773
91 655
655 223
91 628
628 223
655 628
947 655
90 717
717 223
90 885
885 223
717 885
628 717
89 864
864 223
89 529
529 223
864 529
885 864
88 937
937 223
88 817
817 223
937 817
529 937
87 961
961 223
87 673
673 223
961 673
817 961
86 507
507 223
86 606
606 223
507 606
673 507
85 657
657 223
85 966
966 223
657 966
606 657
84 604
604 223
84 530
530 223
604 530
966 604
83 643
643 223
83 677
677 223
643 677
530 643
81 641
641 223
81 670
670 223
641 670
677 641
80 990
990 223
80 561
561 223
990 561
670 990
79 819
819 223
79 872
872 223
819 872
561 819
78 654
654 223
78 838
838 223
654 838
872 654
77 674
674 223
77 706
706 223
674 706
838 674
76 646
646 223
76 675
675 223
646 675
706 646
74 938
938 223
74 719
719 223
938 719
675 938
73 755
755 223
73 693
693 223
755 693
719 755
72 666
666 223
72 679
679 223
666 679
693 666
71 903
903 223
71 618
618 223
903 618
679 903
70 521
521 223
70 971
971 223
521 971
618 521
69 568
568 223
69 761
761 223
568 761
971 568
68 554
554 223
68 678
678 223
554 678
761 554
67 750
750 223
67 831
831 223
750 831
678 750
66 490
490 223
66 820
820 223
490 820
831 490
65 933
933 223
65 863
863 223
933 863
820 933
64 689
689 223
64 911
911 223
689 911
863 689
63 991
991 223
63 835
835 223
991 835
911 991
62 898
898 223
62 906
906 223
898 906
835 898
61 566
566 223
61 830
830 223
566 830
906 566
58 759
759 223
58 581
581 223
759 581
830 759
56 774
774 223
56 557
557 223
774 557
581 774
54 905
905 223
54 690
690 223
905 690
557 905
52 814
814 223
52 769
769 223
814 769
690 814
50 986
986 223
50 540
540 223
986 540
769 986
48 882
882 223
48 711
711 223
882 711
540 882
45 575
575 223
45 957
957 223
575 957
711 575
43 989
989 223
43 859
859 223
989 859
957 989
41 928
928 223
41 873
873 223
928 873
859 928
39 834
834 223
39 609
609 223
834 609
873 834
37 524
524 223
37 877
877 223
524 877
609 524
35 703
703 223
35 848
848 223
703 848
877 703
33 978
978 223
33 931
931 223
978 931
848 978
31 590
590 223
31 803
803 223
590 803
931 590
29 505
505 223
29 639
639 223
505 639
803 505
26 731
731 223
26 952
952 223
731 952
639 731
24 634
634 223
24 497
497 223
634 497
952 634
22 849
849 223
22 627
627 223
849 627
497 849
20 573
573 223
20 740
740 223
573 740
627 573
18 553
553 223
18 541
541 223
553 541
740 553
16 517
517 223
16 925
925 223
517 925
541 517
14 512
512 223
14 611
611 223
512 611
925 512
12 923
923 223
12 671
671 223
923 671
611 923
10 813
813 223
10 856
856 223
813 856
671 813
8 733
733 223
8 995
995 223
733 995
856 733
4 802
802 223
4 710
710 223
802 710
995 802
1 846
846 223
1 866
866 223
846 866
710 846
866 913
