1000 2390 480
282 903
920 472
507 4
891 232
657 251
657 148
714 282
30 491
336 923
669 68
891 3
185 811
535 156
361 601
3 877
4 925
577 61
251 638
535 61
354 708
361 749
281 923
483 233
232 708
788 245
4 735
799 68
507 788
762 61
665 354
891 282
30 859
3 848
4 859
799 266
577 437
509 3
472 811
232 534
132 735
233 636
497 472
61 902
969 229
472 903
714 354
4 747
229 848
696 903
351 859
507 437
727 674
890 948
28 588
690 68
762 185
920 232
282 638
437 735
891 437
498 472
762 3
28 636
741 156
282 582
282 925
251 903
487 937
28 859
148 527
509 233
30 534
61 696
896 68
283 903
992 637
267 491
912 281
588 848
68 882
437 811
245 601
185 877
266 527
354 491
483 61
984 735
535 282
28 925
483 68
601 811
714 156
497 266
507 266
762 132
509 132
437 636
498 229
535 233
361 848
669 354
170 629
762 156
354 923
156 638
541 20
483 283
535 472
351 534
690 266
896 28
912 170
657 61
267 859
498 148
896 437
937 890
472 582
762 255
283 811
185 903
20 848
351 735
283 735
665 185
255 984
741 30
762 799
4 696
232 882
498 351
156 848
55 877
472 902
762 55
132 534
665 30
665 472
498 266
799 283
232 735
283 749
148 534
685 267
282 882
498 336
969 132
281 882
170 925
156 902
920 361
541 4
969 255
969 267
690 229
351 749
747 923
437 902
20 923
68 811
920 281
351 902
251 491
714 437
509 669
912 4
685 336
483 170
788 577
799 229
665 251
3 527
255 638
891 912
233 638
498 361
497 170
657 351
61 582
498 255
912 266
669 28
541 148
497 361
351 811
229 638
498 267
28 534
741 361
283 638
251 735
282 696
541 896
859 629
788 281
507 55
669 535
912 233
472 848
535 354
788 156
657 267
148 903
28 747
690 170
920 55
577 20
4 984
912 245
507 351
251 902
281 708
266 903
233 735
498 232
541 245
896 282
483 266
361 925
497 281
714 148
535 245
541 361
920 354
507 336
282 984
255 527
799 30
148 882
132 923
741 20
4 638
283 636
156 747
969 351
788 20
762 245
267 638
498 233
969 4
690 61
507 245
336 984
283 534
741 68
282 629
233 903
354 882
507 68
577 30
669 351
132 882
437 582
30 636
483 437
741 245
741 283
799 281
229 636
577 4
170 882
497 283
969 354
513 619
657 232
577 233
351 882
912 61
255 696
156 923
30 848
902 582
229 877
170 749
669 61
535 185
577 267
281 527
55 601
68 925
437 749
20 859
472 588
68 848
251 696
4 903
351 601
535 68
669 229
535 20
685 61
708 877
170 638
185 527
969 3
472 534
255 925
509 361
535 148
657 437
714 498
255 735
511 487
912 354
351 527
245 636
266 902
354 903
148 636
669 4
351 903
3 859
68 696
788 255
483 665
657 283
498 170
577 361
912 232
233 923
535 267
354 925
251 534
665 437
351 636
669 282
255 859
30 923
788 266
61 877
251 747
3 902
969 185
541 283
788 185
267 877
969 148
267 882
690 282
281 877
848 601
156 636
361 811
685 229
61 491
920 30
714 336
714 170
788 282
920 185
185 696
28 601
896 20
741 185
535 28
229 984
685 283
498 245
251 877
132 588
20 527
488 624
148 984
541 472
541 61
699 513
665 336
535 229
741 685
148 877
541 281
507 267
577 170
714 229
685 30
762 267
437 848
55 903
267 601
811 708
437 708
498 251
281 638
282 708
170 877
912 437
233 629
685 156
232 984
61 882
354 877
132 749
969 68
685 68
788 437
3 491
657 233
68 527
491 534
336 582
725 700
541 28
741 148
920 3
912 282
541 437
336 848
3 638
472 601
507 283
509 185
535 232
251 848
267 582
336 696
28 923
690 283
351 582
437 527
351 708
233 696
483 282
3 747
148 902
891 132
637 957
896 483
685 132
245 708
669 30
30 527
361 636
741 28
132 984
665 281
657 255
535 336
233 491
969 282
714 233
920 336
762 233
507 232
148 588
762 354
148 848
61 749
354 984
969 507
788 28
788 267
582 984
685 251
714 361
170 582
232 747
741 61
541 267
4 877
799 3
577 472
541 156
185 747
799 61
185 902
255 708
891 245
891 156
920 170
336 735
281 902
509 61
251 923
762 266
351 925
657 266
497 969
170 984
61 629
233 877
68 534
132 696
361 735
336 636
267 903
799 336
266 629
3 984
912 132
535 497
665 762
30 638
498 354
507 354
509 266
788 354
472 708
669 281
969 55
156 749
266 708
3 811
714 28
912 156
577 281
657 185
148 923
281 588
619 959
891 351
912 55
896 61
483 185
283 527
541 282
714 283
361 984
577 282
267 708
61 527
354 638
336 629
20 638
799 185
891 233
541 170
283 877
891 354
690 30
762 20
336 527
185 859
891 20
229 859
266 601
283 848
266 747
354 902
185 984
245 696
690 437
30 747
741 266
577 245
896 233
665 232
229 708
30 903
665 28
4 848
657 28
68 984
507 148
3 923
741 267
507 30
891 185
266 491
232 923
483 267
741 232
714 351
498 283
638 588
718 699
749 925
354 588
896 267
665 229
351 747
896 281
535 251
891 255
741 472
912 185
20 491
132 629
55 747
4 882
685 28
361 696
233 859
497 3
156 588
498 55
969 251
282 491
527 638
685 245
283 588
509 30
685 281
762 232
55 749
685 20
948 636
156 811
132 601
437 601
669 156
132 636
969 28
969 437
245 811
674 511
799 472
336 747
535 361
762 283
483 132
762 30
233 848
281 491
282 877
267 747
282 848
799 20
969 472
233 984
55 636
255 749
577 354
361 491
4 601
714 472
233 527
20 601
266 696
669 232
28 882
799 251
920 229
281 859
3 629
969 361
912 3
255 601
629 491
282 859
267 902
534 527
437 696
20 984
251 749
3 749
267 984
148 811
577 690
920 541
156 708
959 693
336 708
665 267
923 696
170 811
229 903
61 859
245 735
20 877
788 55
665 156
4 491
657 20
354 582
896 229
233 588
233 747
531 815
232 811
3 534
497 336
741 132
896 132
891 336
61 588
509 20
55 588
255 811
61 636
497 232
657 741
132 811
132 903
497 185
507 281
509 232
685 437
251 582
30 877
282 749
185 491
55 708
170 848
693 992
877 882
507 233
735 747
472 636
657 68
799 891
799 351
714 61
61 925
336 534
669 437
55 925
541 255
957 531
690 55
55 859
497 233
4 527
55 882
282 811
891 61
266 811
336 902
55 629
30 588
690 245
690 920
912 251
251 811
132 902
624 727
283 629
799 232
912 68
245 527
788 3
255 902
437 534
690 233
267 925
714 132
741 4
690 267
507 251
232 902
657 3
170 902
156 735
535 255
170 747
541 30
665 170
762 361
20 588
497 148
685 255
741 351
497 354
185 534
472 925
714 4
896 3
232 588
336 588
336 811
437 882
920 156
68 588
267 696
3 636
4 636
232 582
665 266
498 132
669 233
55 582
788 283
762 281
30 601
896 351
497 4
690 4
266 735
361 629
251 636
483 255
741 233
28 848
28 902
891 472
229 527
762 251
714 251
148 601
577 251
969 30
354 749
896 472
714 30
799 55
68 902
969 233
30 749
969 170
20 582
336 903
245 903
266 534
255 923
507 3
61 811
509 156
437 925
685 351
281 534
535 283
665 282
30 696
912 472
920 283
266 636
507 170
896 170
68 629
354 636
472 882
255 582
61 923
351 638
361 859
437 638
185 749
281 636
657 361
232 925
920 28
4 629
156 534
437 747
920 61
700 718
232 859
497 255
882 902
229 601
283 696
437 629
685 509
498 657
497 267
497 20
20 749
535 30
282 636
509 170
497 351
541 185
255 903
232 636
497 251
541 354
472 923
185 629
507 185
912 725
233 582
896 255
251 859
920 245
912 267
283 984
714 232
577 55
507 361
657 30
55 534
507 132
61 638
788 132
669 267
266 848
516 488
361 747
509 472
68 735
233 749
483 156
283 925
969 245
912 255
255 534
799 245
509 255
788 251
4 534
232 903
896 266
28 877
498 282
714 267
361 534
896 185
896 336
267 636
507 255
920 351
891 55
354 859
229 902
497 156
28 984
509 354
577 283
472 638
577 266
354 747
788 61
498 156
245 582
577 185
690 361
541 68
245 747
351 696
669 132
132 708
336 882
969 61
788 170
636 749
170 903
28 811
437 923
55 923
156 925
283 601
925 859
815 516
61 735
361 923
185 636
3 903
741 282
948 472
741 229
267 527
229 882
920 233
361 582
267 923
920 267
690 251
156 696
4 923
535 437
891 281
28 582
497 132
483 20
266 877
283 582
891 4
577 336
714 266
20 636
690 281
266 582
28 903
28 638
690 148
535 351
3 725
61 601
509 245
233 811
799 282
68 903
509 229
251 708
891 266
948 437
690 20
509 55
509 351
68 859
498 437
690 354
185 882
920 282
68 747
969 266
920 148
61 747
4 725
799 267
351 491
920 20
788 30
156 859
55 638
170 735
170 527
541 232
283 902
170 708
245 923
685 185
20 708
891 148
665 361
891 283
3 882
185 735
170 601
245 877
472 747
541 3
507 282
351 923
361 882
55 811
20 725
28 725
912 361
741 55
68 638
132 925
30 902
61 534
132 747
483 30
229 749
507 229
255 882
483 3
61 708
437 491
55 902
912 148
948 361
20 629
251 601
233 534
788 361
266 749
148 708
354 848
762 148
245 882
251 925
714 185
920 132
891 229
483 361
3 925
148 749
788 233
497 229
30 984
685 361
669 3
20 534
690 255
920 4
669 148
762 170
20 882
762 229
351 588
498 281
762 4
30 725
351 877
690 336
229 925
437 588
799 354
55 527
68 491
156 877
30 735
170 491
685 282
229 923
948 354
170 636
283 708
891 267
229 629
948 351
170 534
68 601
55 696
896 4
669 20
351 984
788 229
497 30
283 923
912 229
912 336
283 491
20 747
799 156
714 245
762 68
685 148
336 638
896 354
497 55
354 534
577 156
148 859
483 245
762 472
665 351
483 354
483 148
685 472
891 30
170 696
741 251
741 255
741 336
148 491
282 601
4 708
232 877
255 747
657 472
283 859
891 361
714 255
170 923
741 170
920 266
233 902
665 61
245 859
281 747
229 696
799 132
507 472
507 156
969 281
281 749
281 984
948 336
55 725
55 491
483 229
245 629
472 984
267 749
912 283
541 132
541 336
354 811
509 281
669 472
251 588
685 232
266 882
30 582
507 61
229 588
912 30
483 472
896 251
509 68
282 588
156 527
132 527
685 354
685 3
657 55
690 28
948 283
948 282
361 588
232 848
685 233
690 132
799 361
185 582
896 245
437 903
535 266
714 55
665 233
132 859
233 925
669 170
185 708
509 148
535 170
30 708
148 735
498 4
507 28
185 601
267 534
267 735
920 251
68 923
498 28
28 629
336 601
969 283
185 638
896 30
714 281
245 848
255 588
229 491
577 148
665 132
665 245
896 232
255 848
472 629
948 281
185 588
762 336
281 903
483 55
28 527
669 255
498 185
61 725
282 747
351 848
266 984
541 251
232 601
20 902
148 638
68 725
251 629
741 281
912 20
799 233
690 472
132 582
437 859
799 4
336 491
665 55
948 267
657 336
336 877
4 902
741 437
912 351
251 882
20 925
535 281
68 877
245 925
657 156
185 848
799 437
669 245
437 984
354 629
336 925
509 282
483 28
255 877
669 251
156 629
685 266
483 4
714 20
498 30
30 811
351 629
541 266
281 696
577 3
799 170
255 629
55 848
541 351
281 735
156 582
148 696
282 735
657 132
665 283
948 266
68 582
920 68
132 725
3 588
20 903
788 336
948 255
685 170
509 251
535 3
969 20
245 534
361 708
267 588
156 491
665 20
577 229
4 588
714 68
282 527
497 28
657 281
685 55
233 708
669 336
245 491
170 859
896 55
3 708
3 735
232 527
28 735
361 527
799 148
3 582
507 20
232 629
281 925
690 185
891 68
28 696
762 351
669 185
28 491
232 749
30 925
690 3
896 148
156 882
509 4
788 4
577 351
281 601
948 251
762 282
148 725
266 925
665 68
669 266
185 925
282 923
55 984
497 437
483 351
170 588
799 255
896 156
969 232
361 638
232 638
788 148
948 245
472 491
251 527
497 61
891 28
741 3
245 638
255 491
920 437
669 361
896 283
483 232
498 20
245 588
281 582
185 923
61 984
132 638
472 735
283 747
657 229
30 629
251 984
68 636
948 233
788 232
690 351
665 255
788 351
577 132
472 859
148 582
472 749
281 848
690 232
472 527
4 811
509 28
336 859
282 534
969 156
497 68
245 749
267 811
354 601
657 4
156 984
283 882
233 882
498 61
665 3
577 232
472 877
948 232
156 725
132 848
229 747
541 229
788 472
762 437
685 4
255 636
229 735
266 859
969 336
498 3
232 696
762 28
148 925
156 601
266 923
361 877
665 4
690 156
509 336
535 4
483 281
354 696
229 582
61 903
28 749
266 588
4 749
266 638
577 28
245 984
229 811
148 629
497 282
472 696
437 877
714 3
483 251
245 902
3 601
799 28
509 283
361 903
20 811
669 283
741 354
28 708
20 696
577 255
156 903
509 437
891 251
267 629
657 170
4 582
20 735
282 902
229 534
657 354
170 725
577 68
912 28
920 255
497 245
336 749
281 629
281 811
354 527
267 848
185 725
30 882
483 336
657 282
657 245
788 68
68 749
891 170
68 708
535 55
132 491
132 877
233 601
3 696
55 735
669 55
61 848
541 55
354 735
896 361
361 902
535 132
148 747
665 148
541 233
232 491
229 725
498 68
509 267
0 715
715 108
0 875
875 109
0 502
502 109
502 875
875 715
0 612
612 110
0 506
506 110
506 612
612 502
0 821
821 111
0 683
683 111
683 821
821 506
0 485
485 112
0 504
504 112
504 485
485 683
0 580
580 113
0 645
645 113
645 580
580 504
0 627
627 114
0 484
484 114
484 627
627 645
0 907
907 115
0 838
838 115
838 907
907 484
0 761
761 116
0 553
553 116
553 761
761 838
0 810
810 117
0 595
595 117
595 810
810 553
0 874
874 118
0 917
917 118
917 874
874 595
0 778
778 119
0 530
530 119
530 778
778 917
0 910
910 120
0 533
533 120
533 910
910 530
0 607
607 121
0 558
558 121
558 607
607 533
0 884
884 122
0 772
772 122
772 884
884 558
0 965
965 123
0 526
526 123
526 965
965 772
0 909
909 124
0 760
760 124
760 909
909 526
0 616
616 125
0 790
790 125
790 616
616 760
0 786
786 126
0 691
691 126
691 786
786 790
0 738
738 127
0 836
836 127
836 738
738 691
0 954
954 128
0 567
567 128
567 954
954 836
0 787
787 129
0 528
528 129
528 787
787 567
0 871
871 130
0 542
542 130
542 871
871 528
0 635
635 131
0 780
780 131
780 635
635 542
0 547
547 133
0 557
557 133
557 547
547 780
0 807
807 134
0 765
765 134
765 807
807 557
0 676
676 135
0 987
987 135
987 676
676 765
0 642
642 136
0 918
918 136
918 642
642 987
0 885
885 137
0 767
767 137
767 885
885 918
0 499
499 138
0 793
793 138
793 499
499 767
0 832
832 139
0 681
681 139
681 832
832 793
0 986
986 140
0 769
769 140
769 986
986 681
0 652
652 141
0 847
847 141
847 652
652 769
0 712
712 142
0 660
660 142
660 712
712 847
0 916
916 143
0 630
630 143
630 916
916 660
0 608
608 144
0 991
991 144
991 608
608 630
0 695
695 145
0 771
771 145
771 695
695 991
0 710
710 146
0 997
997 146
997 710
710 771
0 994
994 147
0 776
776 147
776 994
994 997
0 766
766 149
0 662
662 149
662 766
766 776
0 554
554 150
0 632
632 150
632 554
554 662
0 955
955 151
0 480
480 151
480 955
955 632
0 689
689 152
0 575
575 152
575 689
689 480
0 519
519 153
0 936
936 153
936 519
519 575
0 600
600 154
0 939
939 154
939 600
600 936
0 651
651 155
0 730
730 155
730 651
651 939
0 633
633 157
0 981
981 157
981 633
633 730
0 835
835 158
0 672
672 158
672 835
835 981
0 831
831 160
0 845
845 160
845 831
831 672
0 899
899 162
0 977
977 162
977 899
899 845
0 536
536 164
0 764
764 164
764 536
536 977
0 962
962 166
0 904
904 166
904 962
962 764
0 623
623 168
0 703
703 168
703 623
623 904
0 867
867 171
0 634
634 171
634 867
867 703
0 784
784 173
0 565
565 173
565 784
784 634
0 979
979 175
0 801
801 175
801 979
979 565
0 800
800 177
0 726
726 177
726 800
800 801
0 668
668 179
0 894
894 179
894 668
668 726
0 893
893 181
0 649
649 181
649 893
893 894
0 679
679 183
0 524
524 183
524 679
679 649
0 482
482 186
0 586
586 186
586 482
482 524
0 844
844 188
0 883
883 188
883 844
844 586
0 985
985 190
0 598
598 190
598 985
985 883
0 869
869 192
0 589
589 192
589 869
869 598
0 892
892 194
0 698
698 194
698 892
892 589
0 940
940 196
0 599
599 196
599 940
940 698
0 921
921 198
0 806
806 198
806 921
921 599
0 933
933 200
0 803
803 200
803 933
933 806
0 886
886 202
0 834
834 202
834 886
886 803
0 734
734 204
0 581
581 204
581 734
734 834
0 898
898 206
0 537
537 206
537 898
898 581
0 864
864 208
0 585
585 208
585 864
864 537
0 573
573 210
0 820
820 210
820 573
573 585
0 795
795 213
0 538
538 213
538 795
795 820
0 701
701 216
0 570
570 216
570 701
701 538
109 713
713 216
108 705
705 216
108 717
717 216
705 717
713 705
107 680
680 216
107 643
643 216
680 643
717 680
106 552
552 216
106 603
603 216
552 603
643 552
105 631
631 216
105 666
666 216
631 666
603 631
104 881
881 216
104 728
728 216
881 728
666 881
103 576
576 216
103 704
704 216
576 704
728 576
102 827
827 216
102 549
549 216
827 549
704 827
101 998
998 216
101 648
648 216
998 648
549 998
100 490
490 216
100 789
789 216
490 789
648 490
99 495
495 216
99 751
751 216
495 751
789 495
98 870
870 216
98 525
525 216
870 525
751 870
97 697
697 216
97 905
905 216
697 905
525 697
96 758
758 216
96 605
605 216
758 605
905 758
95 684
684 216
95 702
702 216
684 702
605 684
94 625
625 216
94 961
961 216
625 961
702 625
93 906
906 216
93 596
596 216
906 596
961 906
92 659
659 216
92 720
720 216
659 720
596 659
91 956
956 216
91 686
686 216
956 686
720 956
90 678
678 216
90 640
640 216
678 640
686 678
89 816
816 216
89 932
932 216
816 932
640 816
88 808
808 216
88 757
757 216
808 757
932 808
87 782
782 216
87 663
663 216
782 663
757 782
86 770
770 216
86 692
692 216
770 692
663 770
85 924
924 216
85 791
791 216
924 791
692 924
84 840
840 216
84 960
960 216
840 960
791 840
83 922
922 216
83 709
709 216
922 709
960 922
82 724
724 216
82 587
587 216
724 587
709 724
81 579
579 216
81 733
733 216
579 733
587 579
80 855
855 216
80 950
950 216
855 950
733 855
79 671
671 216
79 688
688 216
671 688
950 671
78 611
611 216
78 943
943 216
611 943
688 611
77 967
967 216
77 866
866 216
967 866
943 967
76 740
740 216
76 508
508 216
740 508
866 740
75 606
606 216
75 620
620 216
606 620
508 606
74 503
503 216
74 900
900 216
503 900
620 503
73 768
768 216
73 756
756 216
768 756
900 768
72 826
826 216
72 682
682 216
826 682
756 826
71 543
543 216
71 592
592 216
543 592
682 543
70 711
711 216
70 706
706 216
711 706
592 711
69 744
744 216
69 975
975 216
744 975
706 744
67 540
540 216
67 518
518 216
540 518
975 540
66 544
544 216
66 841
841 216
544 841
518 544
65 966
966 216
65 759
759 216
966 759
841 966
64 673
673 216
64 719
719 216
673 719
759 673
63 941
941 216
63 980
980 216
941 980
719 941
60 794
794 216
60 721
721 216
794 721
980 794
58 755
755 216
58 609
609 216
755 609
721 755
56 993
993 216
56 930
930 216
993 930
609 993
53 505
505 216
53 796
796 216
505 796
930 505
51 578
578 216
51 878
878 216
578 878
796 578
49 996
996 216
49 854
854 216
996 854
878 996
47 951
951 216
47 990
990 216
951 990
854 951
45 496
496 216
45 602
602 216
496 602
990 496
43 949
949 216
43 494
494 216
949 494
602 949
41 968
968 216
41 617
617 216
968 617
494 968
39 566
566 216
39 935
935 216
566 935
617 566
37 748
748 216
37 626
626 216
748 626
935 748
35 976
976 216
35 862
862 216
976 862
626 976
33 970
970 216
33 849
849 216
970 849
862 970
31 753
753 216
31 522
522 216
753 522
849 753
27 500
500 216
27 647
647 216
500 647
522 500
25 783
783 216
25 593
593 216
783 593
647 783
23 901
901 216
23 736
736 216
901 736
593 901
21 813
813 216
21 743
743 216
813 743
736 813
18 489
489 216
18 510
510 216
489 510
743 489
16 995
995 216
16 856
856 216
995 856
510 995
14 677
677 216
14 722
722 216
677 722
856 677
12 944
944 216
12 775
775 216
944 775
722 944
10 824
824 216
10 860
860 216
824 860
775 824
8 723
723 216
8 754
754 216
723 754
860 723
5 773
773 216
5 982
982 216
773 982
754 773
0 822
822 216
0 915
915 216
822 915
982 822
915 570
