1000 962 10
815 481
263 377
419 396
41 698
853 377
268 349
356 624
702 349
748 984
724 121
932 851
127 706
473 976
593 637
623 807
293 168
269 390
22 120
750 659
807 885
431 707
582 375
56 104
526 361
164 986
23 416
570 211
685 814
832 192
943 112
505 232
401 199
489 0
373 494
995 412
949 859
946 53
260 570
131 490
386 868
795 762
918 191
553 678
259 457
470 987
756 712
918 372
97 25
705 413
268 362
734 680
387 136
986 203
784 974
115 795
102 811
278 42
753 89
516 641
30 287
891 1
214 88
651 369
784 307
537 998
152 652
605 54
619 523
958 526
533 823
513 37
907 573
431 217
191 878
828 427
115 44
324 415
819 724
207 551
103 467
801 991
485 815
317 527
359 793
621 383
324 264
547 525
796 475
306 648
179 38
448 812
358 966
571 716
838 282
476 294
991 963
220 877
96 424
549 387
249 672
274 736
819 122
731 654
425 813
16 694
327 36
227 344
7 654
498 17
624 359
113 431
488 116
161 260
385 973
557 71
278 375
961 736
125 440
882 415
977 30
268 706
976 35
865 806
307 115
607 160
928 729
979 991
595 976
443 945
92 313
672 542
903 491
980 21
216 326
911 213
525 562
817 902
552 8
206 855
683 628
45 14
448 325
600 126
605 792
565 660
333 37
944 22
849 504
739 915
812 722
970 387
960 412
638 135
151 78
682 871
702 307
269 478
862 301
108 632
597 428
862 476
904 522
830 389
649 72
318 718
21 852
412 114
233 102
747 840
521 530
556 370
300 418
317 337
962 430
360 823
57 13
196 177
439 59
831 503
347 687
64 835
895 90
597 745
39 970
307 484
291 950
77 680
484 855
482 729
974 187
465 57
609 940
995 753
110 844
418 355
138 706
152 524
505 559
326 998
513 79
805 760
712 607
995 582
651 421
617 934
34 66
713 393
16 664
719 429
770 121
413 16
33 677
271 976
316 857
610 313
114 757
663 176
455 321
238 933
814 983
608 222
186 137
757 760
807 720
238 316
182 568
671 83
34 278
124 739
877 707
876 647
630 784
768 249
307 245
308 718
658 747
757 880
165 949
860 764
474 53
18 136
475 558
720 712
227 900
879 458
23 811
764 389
549 494
990 385
359 408
545 663
556 955
361 907
825 264
348 39
992 291
956 987
596 696
695 59
196 660
740 219
430 678
253 599
808 594
830 124
716 422
46 921
581 658
413 46
645 298
173 506
314 814
717 408
962 127
280 977
567 279
655 339
667 339
683 727
574 469
307 261
614 38
649 635
86 822
288 298
355 714
317 201
556 815
486 725
778 366
972 540
240 364
332 827
809 277
969 932
348 376
592 25
241 668
478 605
717 428
159 191
659 87
881 301
379 352
87 700
909 128
663 522
843 400
300 961
100 458
220 524
891 242
940 943
667 446
902 521
396 941
442 462
550 281
168 476
868 696
613 345
622 350
162 77
285 884
315 774
79 609
923 255
518 276
532 691
633 350
979 574
355 548
718 434
994 358
897 959
321 952
208 489
521 444
139 764
826 807
670 300
414 962
926 6
699 593
411 28
642 30
571 573
420 595
327 636
641 600
261 566
764 373
29 548
827 444
142 781
426 467
181 633
401 348
32 295
729 961
435 91
917 398
957 712
934 162
582 586
601 366
639 982
248 475
642 644
27 949
156 58
817 532
549 613
67 235
140 895
507 580
277 736
572 427
473 979
456 727
28 37
618 916
383 425
828 519
469 790
638 148
71 982
145 709
884 180
274 452
327 968
608 102
604 446
545 67
907 844
371 175
455 815
611 425
398 93
885 817
225 748
744 346
712 653
895 780
788 858
526 122
731 964
352 925
86 109
645 441
68 736
349 184
63 164
31 468
168 802
341 497
425 941
30 124
627 93
334 384
434 849
802 625
187 560
515 276
36 531
65 956
978 127
439 618
131 60
365 136
7 470
873 354
48 626
622 516
227 278
850 341
591 791
269 944
468 66
733 759
595 543
896 806
32 969
19 191
764 939
964 102
797 102
524 761
719 323
928 120
702 676
142 194
394 935
843 849
491 38
539 244
469 318
931 121
552 664
172 561
200 157
274 508
197 900
275 535
601 548
386 506
735 709
875 454
484 460
914 962
224 795
866 916
460 180
498 7
126 28
742 878
317 301
299 353
488 375
784 192
299 829
692 665
758 899
826 988
196 490
712 110
296 116
270 100
392 659
599 382
207 467
875 607
372 602
86 894
234 204
46 738
950 369
292 249
111 63
6 143
751 740
882 306
504 400
281 66
173 697
342 180
58 205
835 282
49 42
230 133
663 853
925 736
157 746
386 265
761 850
733 528
637 160
737 757
658 816
861 699
842 540
831 635
441 943
740 861
731 272
260 151
391 93
670 558
857 969
394 764
791 211
532 725
480 642
739 957
336 126
439 219
373 877
843 304
176 532
836 740
487 787
235 114
391 821
998 643
879 552
819 542
582 306
940 773
962 650
811 649
112 948
495 539
914 735
438 922
837 818
717 645
656 762
250 39
982 496
980 169
200 188
66 1
684 873
248 682
154 204
181 194
985 92
198 346
855 206
19 990
64 286
184 45
662 904
539 615
446 415
934 343
891 40
835 429
474 688
340 373
436 458
233 136
205 575
712 138
816 887
651 66
965 473
478 22
284 759
764 649
643 959
710 243
19 519
788 980
485 563
422 586
51 74
164 379
146 536
374 703
867 362
912 163
523 429
989 303
731 669
740 401
552 602
368 448
213 154
351 469
637 284
701 977
818 58
524 3
906 294
232 645
778 486
352 151
426 616
687 700
561 320
157 107
205 627
476 55
850 769
520 74
175 241
494 313
583 531
319 797
727 122
414 639
78 864
60 620
271 722
544 739
470 545
939 941
713 475
528 718
58 125
690 509
332 378
702 604
577 653
432 716
466 410
226 671
851 94
880 346
700 280
161 102
467 198
590 675
7 369
906 325
982 1
959 280
393 504
346 708
5 164
239 962
950 37
698 15
355 523
968 225
867 11
220 111
43 917
371 485
626 4
166 583
701 702
860 126
934 611
493 622
158 462
192 304
640 997
836 972
385 974
780 562
984 390
3 657
56 829
497 440
61 948
912 364
682 960
296 169
101 292
975 429
971 503
399 732
829 256
980 605
763 115
218 313
644 533
170 130
517 591
985 157
202 648
551 260
875 22
353 645
566 354
967 723
523 423
944 601
397 749
643 641
626 223
930 408
126 285
486 821
535 161
126 778
351 760
42 500
830 430
914 278
720 833
798 2
747 976
579 116
474 899
960 449
343 43
255 294
415 591
134 159
734 338
383 678
384 97
726 77
924 744
818 830
386 645
477 152
80 23
822 937
995 222
807 318
260 418
354 995
59 863
422 328
992 566
534 192
347 442
711 540
480 517
187 992
281 86
273 221
246 761
751 861
947 119
827 956
148 584
442 368
160 217
648 650
402 37
615 0
201 504
93 665
608 593
568 937
863 634
758 126
215 138
140 893
189 413
855 428
828 14
886 511
82 197
865 471
93 935
975 565
836 695
978 41
14 580
281 807
658 823
796 564
205 273
305 536
138 129
275 901
335 979
630 948
284 253
672 781
18 594
219 556
882 927
820 255
465 772
988 548
835 494
547 901
204 72
52 70
566 512
188 576
982 592
347 227
156 93
554 71
36 611
47 529
411 874
659 187
99 725
775 494
714 250
448 606
813 568
811 153
547 142
543 633
755 406
156 680
541 478
659 498
196 188
60 432
494 639
953 986
140 8
977 7
713 979
493 459
161 760
552 94
909 557
37 682
986 184
41 983
916 428
505 818
110 133
768 983
247 979
134 808
868 565
15 822
711 685
92 888
294 141
762 53
481 161
78 888
278 547
997 85
641 836
473 262
577 601
88 263
938 487
247 214
126 854
201 146
985 592
678 906
507 735
41 946
206 857
624 322
425 284
496 805
299 759
294 866
877 700
352 439
621 649
115 82
917 422
240 562
311 825
181 767
595 456
733 596
471 787
872 478
923 336
963 135
579 275
305 456
92 818
103 956
501 597
616 644
473 29
722 52
568 861
686 977
909 948
361 173
958 692
62 5
464 851
681 105
27 603
956 957
564 694
258 201
57 263
976 513
888 159
598 335
989 697
305 270
713 697
962 405
615 31
541 71
226 706
498 323
239 920
619 62
926 752
509 635
800 99
617 888
161 490
987 635
721 240
570 633
100 130
750 220
14 451
441 669
609 686
90 138
764 43
756 755
580 216
144 644
421 522
601 888
539 81
99 395
224 287
916 104
225 651
946 611
920 896
236 452
523 217
837 368
738 248
405 639
372 169
392 486
219 113
266 319
479 437
72 549
