1000 901 100
523 158
630 595
248 347
739 242
676 495
321 628
686 682
625 239
506 262
344 414
300 559
920 824
295 872
661 890
217 874
912 826
471 737
494 428
278 611
423 838
769 901
727 677
748 248
465 589
563 269
522 506
796 175
724 405
978 198
377 847
382 147
185 882
464 723
468 965
130 296
890 489
517 688
451 699
798 929
560 956
847 638
292 625
203 386
689 395
568 770
837 224
984 286
499 513
527 111
332 794
356 780
443 627
287 527
838 162
281 774
133 280
279 403
922 697
135 359
756 906
911 243
969 777
216 921
752 467
789 193
621 993
777 968
924 897
780 904
998 411
519 390
658 572
569 133
280 973
104 116
367 552
189 392
456 142
605 997
487 621
828 630
721 358
398 104
663 302
394 766
218 407
603 157
431 669
742 725
937 195
666 977
923 885
348 174
800 439
893 562
548 465
513 952
872 457
515 887
200 991
327 812
385 639
362 530
652 672
246 996
685 245
850 270
246 686
947 821
561 837
844 719
322 643
152 351
717 946
326 145
899 264
504 211
155 469
819 926
989 343
172 214
934 252
967 932
604 564
754 268
106 856
417 575
432 182
540 815
998 679
167 920
229 523
265 649
820 441
675 796
728 164
689 325
328 810
857 809
433 534
951 684
278 478
255 782
225 431
481 531
761 461
340 110
925 258
176 918
182 397
221 336
530 442
770 352
455 532
132 519
153 863
461 314
387 379
597 789
884 304
766 720
355 884
210 587
957 305
891 105
402 922
270 775
331 568
668 237
705 126
995 212
124 951
634 219
745 902
116 985
204 933
256 148
526 371
854 485
139 375
815 700
294 711
841 284
470 263
774 389
531 690
195 119
802 132
970 227
102 817
226 908
845 226
653 120
386 454
174 329
350 135
318 646
434 215
878 308
611 722
196 588
109 880
649 287
919 310
973 205
609 836
440 924
400 404
975 653
683 184
148 267
324 828
753 957
107 903
749 463
500 591
968 934
138 982
913 875
475 456
177 114
423 540
275 898
313 290
212 613
383 125
100 691
885 394
930 674
134 508
585 514
627 544
390 213
755 160
646 507
746 225
191 313
906 629
214 829
292 988
309 204
715 844
449 155
641 247
496 978
810 317
509 795
297 139
738 387
735 501
365 550
785 285
932 323
129 992
624 605
710 833
181 543
983 172
940 776
736 765
114 634
726 271
720 548
723 449
596 797
880 361
381 327
773 233
420 518
238 658
206 241
638 128
142 0
267 196
771 500
963 206
874 273
125 180
875 153
824 825
170 208
818 801
883 384
403 491
840 396
369 964
834 800
358 561
472 923
408 335
684 758
629 673
173 614
882 668
250 229
938 228
234 609
209 937
673 365
898 593
792 238
956 350
887 730
137 332
570 372
475 732
842 432
827 659
765 487
983 333
299 307
384 123
284 143
946 748
559 635
538 344
291 755
616 176
208 603
447 771
936 900
688 557
903 260
254 330
866 289
457 222
791 477
966 731
562 648
473 535
199 756
943 131
981 275
671 297
904 437
600 749
656 144
376 980
118 452
286 868
571 879
832 905
929 763
532 419
737 736
240 443
215 695
877 667
554 850
192 117
372 556
543 830
223 246
979 866
511 854
916 511
722 512
244 891
931 299
670 446
405 759
338 786
419 122
140 984
897 867
617 383
549 607
131 892
428 963
439 594
631 447
141 200
896 706
149 194
220 870
869 218
389 644
334 790
505 516
564 709
231 694
712 187
910 584
371 346
961 306
160 715
762 542
894 785
803 326
339 526
111 592
783 566
599 231
787 861
143 276
921 806
273 216
335 618
834 331
443 983
901 475
158 620
758 676
829 718
867 664
830 141
704 665
441 545
136 259
201 574
516 869
677 472
799 577
581 124
194 282
678 807
205 650
528 547
767 590
644 925
928 599
895 716
825 138
589 422
556 657
790 388
862 191
709 177
986 744
613 741
290 283
547 251
308 197
211 696
239 739
583 822
699 945
729 301
873 645
781 458
301 913
907 505
750 378
593 586
480 779
467 250
370 871
725 608
606 666
888 503
478 433
463 916
202 858
864 355
112 504
614 209
484 210
151 641
909 421
660 168
594 353
277 525
349 792
253 602
175 179
188 318
317 424
293 727
306 426
806 767
607 974
601 554
926 928
588 354
409 471
693 107
283 380
122 791
567 896
236 971
902 849
999 940
655 328
115 303
949 423
54 171
411 113
757 969
573 745
760 848
740 704
622 721
296 464
886 528
154 134
488 494
353 406
591 435
166 760
209 761
483 853
707 451
805 660
257 376
716 876
380 459
659 159
310 585
988 740
837 109
863 445
387 893
486 381
507 292
289 803
396 549
680 510
900 524
514 813
793 654
948 596
224 624
469 950
778 986
871 888
836 581
128 919
498 316
304 886
232 261
681 399
876 752
812 509
333 712
534 277
458 750
300 541
193 680
305 345
227 987
364 274
586 181
401 678
343 746
336 960
664 349
551 944
679 915
665 189
905 939
325 823
669 401
851 604
437 410
698 490
945 703
150 931
980 298
430 662
368 199
751 438
318 582
801 235
320 230
640 597
865 724
416 488
502 910
759 681
915 864
442 409
302 859
346 221
941 137
258 877
991 663
839 249
908 415
813 671
424 600
127 751
546 517
123 851
964 601
323 555
512 738
555 150
536 772
695 617
184 907
510 558
974 909
101 103
784 998
183 573
274 334
352 339
804 499
960 402
804 255
307 935
823 820
718 521
233 337
391 762
476 360
378 811
662 151
959 675
493 178
958 781
421 814
985 254
163 839
164 425
262 701
997 955
892 217
501 714
788 232
626 616
357 728
654 845
413 165
843 498
120 563
916 154
477 632
595 265
935 253
156 173
351 881
441 537
553 129
952 873
263 288
976 655
682 417
702 726
288 927
506 802
485 448
990 474
544 338
303 606
490 170
807 201
816 735
590 341
706 889
734 166
639 692
436 865
848 981
747 989
418 911
261 539
990 567
764 710
779 538
587 434
445 948
539 734
230 878
651 366
337 496
429 733
667 192
772 808
577 207
310 860
216 373
379 481
298 580
535 484
602 220
608 502
645 279
360 522
917 631
260 370
285 479
312 385
168 914
953 619
247 961
186 102
933 689
533 362
711 320
713 953
388 647
619 340
615 698
427 546
159 300
242 895
197 949
207 941
146 244
222 462
121 764
817 391
697 188
113 374
175 835
574 146
110 615
144 440
395 683
521 636
833 185
157 816
584 356
119 958
249 364
375 152
178 670
582 633
993 223
165 702
944 610
392 476
520 450
826 413
489 832
456 466
858 427
399 798
632 112
744 342
241 967
623 936
566 979
454 416
835 769
977 742
508 444
810 707
448 167
311 295
578 827
701 106
842 453
545 994
393 520
690 190
426 319
392 324
647 311
714 565
942 966
859 846
219 947
319 480
996 569
719 169
856 843
992 149
955 917
565 529
954 976
808 240
492 862
198 291
918 183
412 842
635 805
794 841
497 685
795 708
410 393
733 962
821 598
190 468
106 536
552 161
271 972
741 652
692 256
768 266
831 717
558 570
579 834
731 497
170 156
822 883
126 493
914 486
985 100
213 202
462 315
873 398
982 640
237 743
598 560
529 382
575 831
264 363
572 642
446 661
459 272
272 579
450 637
881 773
406 322
557 612
950 788
100 257
861 768
330 400
846 999
211 430
657 348
650 729
814 234
580 118
422 754
743 793
797 757
550 622
329 321
542 576
987 163
763 778
187 309
994 819
298 959
576 799
347 912
425 747
879 840
636 551
971 942
103 578
809 108
373 818
444 583
245 203
700 436
887 293
939 515
169 115
276 899
672 186
687 855
269 136
251 357
811 857
537 943
314 492
962 804
180 368
171 236
359 418
374 713
482 693
870 571
508 130
161 294
849 412
972 460
637 408
316 281
342 470
610 938
147 894
495 533
345 455
366 312
105 127
730 784
259 482
266 930
361 753
648 990
453 954
162 995
708 783
696 367
252 656
363 377
450 970
541 420
642 626
868 121
775 651
235 278
228 687
713 369
612 787
518 705
618 101
474 429
674 483
108 553
592 852
415 975
703 140
691 623
788 473
