1000 3873 500
603 498
485 946
921 676
542 498
369 779
315 957
608 499
837 955
773 498
917 499
812 499
710 499
880 497
336 925
983 581
231 525
558 497
727 602
174 757
767 498
151 536
59 872
565 499
814 499
65 884
820 790
243 755
64 929
1 813
759 499
949 497
748 599
372 586
853 499
795 969
45 843
388 793
774 850
849 499
23 618
549 490
737 498
472 885
29 991
67 761
626 499
275 547
464 805
566 499
107 938
487 771
750 497
683 686
30 886
727 497
267 894
880 498
471 928
723 652
535 498
406 731
770 921
552 497
787 498
749 498
325 773
80 644
514 499
981 497
302 774
174 872
422 869
919 743
390 572
333 690
483 651
805 499
331 554
388 688
791 499
933 499
20 764
158 624
553 498
340 613
978 562
470 763
909 497
2 675
809 815
955 497
48 853
203 963
242 594
108 768
615 499
474 788
158 529
177 611
56 586
531 497
944 497
920 588
916 497
946 499
187 963
139 990
868 497
750 811
799 497
868 498
640 498
173 966
929 498
98 798
854 499
152 642
730 498
205 939
332 716
681 498
175 551
986 538
643 497
961 675
671 499
788 498
581 900
124 702
696 587
832 497
619 499
205 973
120 897
943 498
379 596
505 498
769 498
711 498
400 581
434 597
990 499
450 612
478 773
232 937
331 535
598 498
12 947
483 916
201 608
439 795
772 703
498 804
613 497
71 914
230 927
643 498
166 560
187 938
901 498
699 498
482 994
870 679
696 498
160 774
732 498
808 497
177 524
364 518
829 499
141 564
280 939
219 530
35 764
899 499
251 864
624 856
22 787
136 841
509 498
245 621
358 970
401 734
298 624
963 498
293 860
74 617
676 498
162 854
855 499
96 629
36 831
837 499
953 497
826 616
847 752
557 903
567 981
356 630
148 682
724 499
977 723
205 999
205 700
611 499
898 734
836 792
246 956
622 498
397 519
633 498
19 839
695 499
818 497
864 498
586 498
133 855
225 664
524 498
925 497
234 635
333 988
924 499
521 497
564 498
495 988
47 764
688 993
236 863
17 579
287 714
820 563
348 937
715 499
660 497
71 528
961 529
278 696
485 843
912 499
870 516
586 788
240 632
811 498
375 565
212 693
568 498
858 498
485 622
729 796
52 600
132 928
838 499
266 674
961 498
969 497
653 497
161 921
895 499
76 961
500 498
164 666
998 499
71 789
608 497
844 499
889 531
722 995
558 888
668 498
10 684
467 635
905 498
304 811
730 840
184 770
617 498
296 665
527 498
993 497
78 501
716 498
63 782
709 499
427 748
688 971
485 852
63 679
522 499
581 497
28 562
635 499
620 497
554 499
128 636
615 707
220 963
612 497
120 825
462 682
250 949
23 709
380 584
922 497
97 760
778 769
467 619
584 497
747 498
423 785
642 497
384 914
158 697
428 762
97 954
356 773
786 498
803 497
411 599
84 761
325 823
427 622
318 716
284 584
284 957
583 497
879 499
429 577
343 637
760 525
991 499
394 537
43 909
994 499
603 721
281 544
958 618
879 498
936 497
654 498
388 842
913 499
526 497
926 499
189 796
372 870
73 591
217 868
670 498
229 648
169 645
843 498
451 904
399 877
414 936
711 499
414 576
540 498
664 579
411 910
47 761
614 745
319 797
539 499
588 499
493 763
889 497
748 926
47 833
957 498
560 497
536 497
13 653
624 992
459 588
167 532
745 499
931 497
549 493
884 497
656 499
587 497
436 880
110 523
19 914
14 959
777 497
196 675
645 498
486 981
69 894
554 498
263 548
731 633
83 636
383 586
459 601
512 528
675 498
689 499
966 739
320 705
870 497
298 773
216 652
504 499
779 722
26 737
48 641
36 531
219 814
410 646
58 895
690 497
893 929
269 766
301 616
4 969
255 854
44 853
680 497
958 497
810 498
655 498
759 497
522 778
293 828
813 499
12 666
220 689
30 552
921 498
323 544
183 942
31 821
399 611
908 499
782 827
127 694
616 499
692 499
689 947
333 726
174 969
629 499
843 859
479 994
186 656
850 499
644 498
312 594
882 498
78 554
792 498
976 849
286 957
67 646
966 603
337 597
545 499
209 594
406 589
690 499
978 497
106 647
171 832
59 622
288 817
751 498
535 497
970 498
961 810
432 690
0 722
564 497
962 571
113 946
69 685
872 498
873 499
398 976
123 618
906 499
118 845
86 692
264 821
118 943
777 499
863 498
784 764
272 991
489 900
567 498
940 498
875 498
603 944
323 731
180 818
466 919
132 743
859 499
441 543
320 928
944 499
552 498
92 605
611 498
184 587
778 517
347 997
575 727
531 741
686 782
506 499
8 830
572 842
540 499
720 499
286 920
451 539
358 652
120 919
165 881
555 499
328 666
635 497
428 987
62 840
778 499
529 497
346 583
106 987
494 614
467 684
449 661
384 583
492 504
893 498
440 687
753 497
487 594
14 716
708 497
356 584
419 959
474 591
852 499
515 730
395 866
508 497
355 601
977 976
928 498
861 497
498 513
698 498
992 497
230 987
793 497
941 499
699 497
528 498
835 880
214 775
472 758
403 917
963 499
624 499
985 497
952 499
449 972
103 916
422 862
571 497
51 706
424 981
60 859
795 498
266 549
828 499
931 499
66 532
470 881
960 498
16 809
451 811
972 836
773 499
66 862
115 641
495 735
299 569
586 499
881 498
298 688
740 497
253 839
304 706
510 498
871 498
407 604
974 499
945 499
79 548
205 621
917 498
222 830
583 897
445 990
876 499
454 741
498 845
804 499
704 864
953 499
655 499
378 925
465 558
42 744
331 925
212 665
227 545
585 499
695 497
276 535
405 654
308 620
338 683
883 499
424 720
548 514
484 906
142 935
794 498
678 497
991 497
587 665
351 901
120 887
603 631
919 499
355 782
407 673
202 679
787 497
60 914
434 857
132 850
633 626
219 609
407 973
114 797
216 819
742 497
675 497
468 827
764 818
620 498
183 706
385 793
741 497
742 498
352 693
257 690
104 803
916 498
957 497
881 499
518 498
438 915
3 539
507 498
359 562
173 633
822 499
565 497
160 639
360 818
423 669
431 695
230 654
0 739
17 611
338 556
822 497
703 650
83 577
264 892
763 638
980 560
172 615
259 659
2 929
877 498
405 869
457 582
653 498
45 973
95 599
736 498
333 512
482 940
757 499
615 959
948 499
377 883
137 651
811 497
6 983
529 499
889 499
299 724
893 499
464 927
950 498
846 499
38 964
503 917
740 498
561 498
5 967
11 929
440 947
852 889
986 497
771 499
964 924
531 705
892 497
764 498
274 654
955 904
819 539
471 902
459 915
770 498
342 988
232 849
697 498
51 752
29 555
469 995
654 499
181 529
147 949
334 525
86 971
870 498
745 498
647 861
561 499
189 974
628 497
376 832
183 522
979 627
823 498
159 626
28 958
270 860
945 497
414 974
593 498
57 706
713 651
403 565
922 499
473 521
737 497
60 710
398 601
241 544
614 498
429 625
972 499
507 506
779 497
6 695
823 497
483 993
655 925
574 498
625 498
878 854
718 498
771 738
454 906
226 700
15 865
947 497
602 497
182 897
545 497
654 497
270 719
241 937
259 551
898 498
81 878
73 975
526 673
37 660
162 989
382 837
381 868
213 737
452 690
617 497
803 499
704 498
770 898
434 989
570 499
404 978
997 498
776 731
436 941
415 840
839 497
82 696
664 702
921 497
923 965
414 938
869 497
519 674
954 498
582 656
569 871
196 730
465 754
911 586
956 983
989 499
32 955
76 859
620 499
113 979
969 498
694 848
709 982
339 840
113 891
716 497
252 536
296 698
567 497
915 497
712 499
400 598
732 497
471 903
524 497
405 797
991 687
829 497
785 499
355 795
256 825
390 736
632 498
774 498
970 497
843 572
251 603
232 797
466 523
560 499
60 838
234 783
400 619
129 937
694 498
215 572
156 540
436 672
264 761
247 710
439 503
779 647
292 766
521 499
335 741
135 789
430 619
438 542
376 653
299 982
273 759
513 797
937 497
384 722
438 831
817 498
805 728
266 809
591 497
795 499
209 647
322 643
205 672
229 774
765 497
641 499
199 647
528 497
923 499
942 604
453 681
515 933
151 705
39 981
772 820
673 498
478 863
473 628
430 698
998 497
71 915
193 892
411 534
837 497
148 815
393 521
48 728
245 504
957 732
409 526
363 687
453 911
413 794
89 724
915 499
208 793
981 817
823 499
811 499
208 859
760 497
13 857
282 921
332 979
47 598
857 498
225 966
976 498
820 523
648 497
628 498
34 507
483 794
156 853
800 583
249 631
140 556
888 499
789 497
190 983
20 737
168 988
87 600
488 520
790 498
841 936
618 498
782 499
23 951
784 497
683 537
501 497
324 739
440 837
142 900
190 590
301 627
815 498
69 706
193 996
583 646
392 549
653 636
763 896
239 788
858 532
791 677
866 513
331 646
669 497
867 499
493 633
40 932
17 658
333 733
214 662
542 617
744 499
362 949
398 808
420 847
505 784
255 560
291 708
960 499
810 497
42 799
210 612
578 533
580 497
827 498
176 855
333 570
682 497
110 629
766 497
172 525
232 667
328 881
175 659
936 940
412 755
794 497
892 498
170 653
25 849
301 727
251 525
415 631
126 884
213 511
659 497
256 897
42 686
619 498
547 499
766 498
477 529
43 981
67 767
466 817
746 499
564 499
671 498
333 924
603 497
157 717
832 498
257 691
549 492
481 584
151 886
51 959
243 673
558 498
270 767
780 498
227 960
270 899
26 654
2 986
429 673
641 600
919 551
697 497
210 814
478 624
10 942
770 497
410 789
520 499
270 630
648 499
544 497
800 498
398 650
150 848
902 497
263 511
479 771
466 677
833 654
776 499
944 648
722 498
454 713
677 499
666 839
339 551
743 499
184 604
966 497
277 735
396 977
788 497
878 498
28 632
317 762
652 499
234 713
740 765
799 499
971 681
964 498
521 642
747 596
783 497
833 498
270 542
890 710
131 990
364 714
74 974
367 805
992 498
802 499
736 499
24 995
230 738
904 498
692 497
877 504
556 498
241 707
358 614
270 595
106 997
174 758
394 904
623 643
246 912
963 497
956 770
587 716
616 498
866 497
252 611
818 498
371 684
137 553
690 498
992 499
279 612
860 499
319 730
74 505
909 499
432 774
204 916
572 990
131 603
496 524
490 505
620 808
473 651
352 618
961 507
982 497
949 938
592 498
322 957
924 497
481 644
943 499
87 994
140 574
976 499
550 573
75 565
772 691
483 779
168 568
53 700
995 498
47 798
343 831
337 875
800 499
280 804
693 498
795 497
304 714
703 497
486 962
807 498
359 714
809 518
165 706
961 606
700 498
632 499
33 527
530 499
69 659
319 870
950 501
248 743
140 504
703 832
750 499
723 499
543 522
60 756
20 651
438 972
381 748
551 558
940 497
420 659
44 864
425 720
801 497
479 960
949 499
923 497
986 498
141 770
877 614
41 892
763 497
396 962
742 499
876 498
891 865
830 498
85 769
369 545
281 845
549 524
793 625
526 499
164 956
670 812
111 581
259 717
139 921
509 499
863 499
31 573
346 779
878 628
691 499
955 499
421 997
5 801
246 516
831 499
571 498
338 939
424 746
880 499
801 884
999 499
658 499
504 498
75 784
352 721
990 498
378 986
522 497
138 802
797 499
16 705
252 696
743 498
56 840
231 877
897 607
696 497
417 737
780 497
56 857
446 932
584 505
110 507
835 498
10 663
913 577
866 498
644 497
397 918
817 497
864 919
208 935
409 808
578 498
910 498
997 762
819 497
270 988
774 497
862 497
382 912
686 499
910 499
985 498
42 871
161 617
485 926
764 927
161 976
32 699
311 595
224 766
69 817
631 998
670 499
437 953
117 735
562 497
544 499
570 766
224 889
247 870
720 498
623 498
307 533
6 708
387 517
909 498
705 498
542 497
432 686
386 925
27 607
956 497
484 634
892 499
515 497
28 941
221 697
737 535
140 885
502 511
82 984
723 498
639 499
231 978
996 906
492 896
216 828
498 856
407 678
529 918
281 892
348 581
16 717
370 654
215 840
736 594
74 712
959 578
805 497
52 747
865 499
673 497
652 718
549 496
661 497
840 497
724 508
806 499
894 557
896 497
184 611
334 577
452 595
505 497
838 498
432 570
581 499
606 498
748 499
258 940
77 608
982 498
669 499
202 647
740 499
724 498
305 542
315 556
398 986
73 549
43 663
519 497
171 862
98 784
338 825
919 963
621 499
563 497
285 875
627 499
40 554
35 747
649 499
97 591
853 498
800 775
319 521
790 499
900 498
15 814
108 585
309 779
374 609
582 499
851 499
148 551
74 934
973 497
589 498
343 525
732 634
500 499
385 666
591 499
798 498
254 568
143 691
874 613
935 874
401 544
878 497
971 497
100 655
253 608
489 938
555 497
557 748
127 627
390 823
598 497
834 497
181 707
515 498
177 692
98 814
320 807
64 850
84 510
864 497
498 814
419 521
346 996
573 934
172 821
538 497
752 498
619 909
169 918
202 696
777 498
515 499
134 541
42 622
585 498
661 498
123 798
265 759
866 499
319 902
519 498
290 945
200 503
581 498
894 497
673 499
516 497
834 499
142 962
781 497
274 735
391 701
826 497
226 861
127 830
361 739
556 497
415 713
662 499
573 499
132 814
613 498
13 875
403 518
899 497
665 499
612 499
770 949
35 691
790 758
237 971
603 786
981 498
233 688
693 499
66 898
709 497
263 659
283 833
448 830
988 499
647 867
705 497
993 499
114 595
590 499
850 498
33 776
411 905
327 568
465 515
299 866
613 591
688 498
638 497
112 850
262 932
704 497
311 701
607 737
829 801
901 497
786 892
262 899
303 808
425 662
149 574
451 664
250 739
842 498
706 499
897 499
322 717
553 497
751 497
355 610
984 956
128 962
938 498
400 720
727 499
247 584
142 674
951 498
498 537
10 535
792 497
896 498
206 705
513 499
574 629
117 792
259 622
212 576
93 892
347 727
939 498
726 499
2 800
984 759
662 498
177 743
173 725
69 720
667 499
154 702
821 499
572 498
305 627
156 619
517 497
306 501
374 513
703 498
284 936
188 799
984 724
517 499
142 917
701 498
345 930
853 876
680 499
713 498
998 498
449 504
559 499
145 957
943 497
209 940
196 688
153 631
419 690
889 498
376 603
382 662
816 499
385 942
433 672
566 497
642 498
662 497
3 597
895 640
678 499
394 925
93 775
549 495
575 886
239 747
840 970
830 499
88 996
576 498
198 757
35 904
209 620
635 498
405 528
421 993
460 899
897 498
362 714
170 738
371 513
964 497
751 499
744 498
154 840
259 842
63 569
483 802
718 623
292 557
87 755
471 612
755 497
959 499
390 972
48 560
187 551
627 498
541 498
902 733
294 841
245 835
91 527
467 576
541 499
917 497
162 596
563 499
595 499
765 498
449 638
40 602
584 913
239 764
149 792
683 499
809 497
944 530
272 861
901 499
738 497
505 877
325 836
629 498
868 547
207 853
463 864
211 567
465 999
425 751
272 994
71 894
687 497
87 538
187 500
601 791
135 546
660 499
382 913
785 497
933 498
892 567
664 499
986 499
30 985
134 558
964 499
927 498
185 617
685 499
516 499
447 770
169 840
328 689
309 861
914 497
301 509
839 499
540 497
659 498
587 499
393 707
647 498
708 498
577 499
652 497
236 618
677 498
112 862
833 497
395 593
715 497
743 873
825 499
836 499
650 499
666 635
989 498
131 805
659 499
895 498
705 565
649 498
606 585
702 499
418 607
185 582
84 682
710 498
330 582
632 497
871 497
721 561
951 744
435 663
538 498
391 635
170 525
767 499
163 943
672 497
10 563
756 499
847 499
953 498
899 816
840 499
813 498
790 837
323 803
828 497
607 499
212 927
87 772
423 500
283 682
781 498
951 499
108 649
643 555
911 499
98 905
299 993
309 566
241 583
199 614
463 594
770 755
987 767
975 499
936 499
172 589
423 722
507 499
651 498
261 508
853 521
707 498
957 858
377 865
565 498
514 498
849 497
588 498
520 498
967 498
984 498
500 593
23 739
519 499
219 971
232 848
311 707
501 498
330 758
890 499
821 857
807 666
824 498
269 708
98 852
994 498
590 498
796 499
231 539
170 680
807 935
850 497
552 499
222 775
327 834
729 821
694 699
261 874
841 499
162 773
458 562
779 804
923 498
53 750
788 847
758 497
646 498
449 991
768 499
967 499
601 498
119 908
459 532
433 775
538 499
67 854
160 691
43 704
798 499
944 498
875 851
958 498
645 499
441 575
228 881
384 590
919 680
548 499
473 583
592 499
430 889
238 965
991 498
767 497
872 497
337 844
835 499
241 678
60 869
788 534
302 875
291 828
883 498
81 520
987 499
147 876
32 836
836 497
263 570
621 498
413 991
995 499
636 497
833 670
825 872
691 497
968 497
722 499
534 497
525 498
355 918
462 772
744 497
549 499
925 498
350 611
873 497
185 532
396 564
765 499
39 970
430 549
527 497
996 497
945 498
312 967
984 499
316 581
9 875
784 499
21 606
342 623
809 499
863 497
686 498
364 893
369 568
140 518
932 809
523 499
594 499
877 499
854 980
71 612
309 801
658 497
946 795
332 870
423 862
481 861
956 498
304 579
506 498
114 540
259 770
276 820
816 566
157 580
3 566
302 522
278 750
946 954
222 544
266 851
536 498
527 499
168 710
617 499
790 497
638 498
735 497
186 836
89 787
284 540
786 499
205 937
975 498
950 497
569 498
996 498
932 499
8 923
131 804
918 497
655 497
536 499
787 499
335 859
699 844
213 804
733 798
615 498
431 774
546 499
148 653
682 498
546 497
466 674
947 499
123 621
511 499
132 803
461 586
775 846
243 869
906 498
391 932
119 627
862 608
851 780
983 497
487 623
384 787
169 526
480 517
259 880
706 498
282 842
624 498
386 947
53 922
69 592
431 616
362 959
424 550
840 984
985 729
523 497
9 708
489 987
425 968
924 498
719 497
493 824
874 497
882 499
872 499
474 593
884 498
674 499
776 497
86 709
339 505
393 931
363 830
98 720
904 497
285 673
861 499
695 668
152 815
476 846
191 875
701 497
214 759
904 589
578 595
295 709
434 838
339 755
250 652
264 927
167 863
833 499
44 860
84 962
605 497
979 499
692 644
313 805
580 498
656 498
434 859
616 497
885 498
21 787
589 939
414 571
71 724
73 942
310 801
680 498
870 499
320 913
852 855
392 921
847 497
796 497
606 499
443 608
266 810
36 907
563 498
24 890
409 840
980 498
524 911
488 853
657 499
686 838
277 846
959 498
124 820
887 499
867 952
281 749
5 999
772 894
635 554
584 499
470 595
352 702
201 678
112 596
253 958
806 497
773 715
37 518
565 807
663 497
646 497
87 666
741 667
251 599
698 499
956 863
857 497
964 977
965 499
200 706
512 497
760 819
203 506
922 498
207 766
750 711
957 499
553 746
639 497
223 653
18 810
966 975
566 498
950 499
343 776
908 497
486 848
789 498
315 829
24 949
275 851
305 935
91 503
907 499
385 788
264 539
348 812
705 499
57 650
240 840
591 986
782 498
798 996
397 668
185 646
246 554
844 498
759 498
551 497
178 620
583 498
510 499
576 497
60 660
608 498
973 498
494 698
860 498
274 912
228 903
694 499
439 911
792 499
333 852
561 713
323 700
178 623
600 664
203 500
22 969
549 494
606 843
593 499
367 997
824 497
407 782
85 641
512 498
199 726
454 581
285 802
324 630
454 809
289 638
605 499
728 498
235 585
855 497
858 497
982 499
101 809
319 880
919 498
834 498
29 868
116 545
770 499
827 499
315 807
36 582
310 769
38 526
342 869
755 499
389 546
809 498
851 498
416 724
848 497
404 780
820 498
302 514
507 497
314 901
140 670
588 497
701 835
554 497
411 869
769 497
446 754
154 672
119 816
564 653
520 958
882 497
497 606
312 587
343 844
601 497
292 504
811 556
442 676
707 499
158 777
725 499
370 751
387 882
172 889
152 929
457 782
408 861
546 696
51 503
218 909
774 499
541 497
103 954
360 714
80 866
323 892
381 760
186 828
46 922
549 498
201 841
159 917
289 853
712 991
965 497
558 887
496 582
607 497
8 647
309 588
666 901
958 499
359 928
376 963
88 567
736 497
277 838
822 498
456 502
494 707
840 498
983 499
328 986
906 545
145 807
817 649
142 975
573 498
681 831
543 760
389 837
254 953
741 498
487 844
580 499
181 661
853 957
667 497
772 498
542 749
971 498
193 866
13 905
165 591
374 749
239 541
666 497
254 670
206 502
707 497
135 778
533 499
131 829
309 876
876 605
164 717
403 737
589 985
911 497
877 497
453 674
735 498
821 497
733 497
981 499
115 688
624 497
952 833
362 979
131 837
825 497
939 497
148 856
762 497
688 497
788 841
154 722
18 741
618 499
703 916
987 498
556 824
68 813
240 765
562 498
48 838
497 594
75 525
58 541
607 498
274 782
379 633
934 498
65 755
27 557
656 497
795 961
714 498
43 733
534 498
828 498
682 499
205 732
763 499
741 499
505 499
730 920
806 912
723 497
148 545
389 679
997 972
50 743
667 498
771 497
303 829
932 497
356 521
85 582
683 498
526 785
241 604
283 890
326 678
154 839
243 849
609 497
176 698
228 924
183 896
200 776
247 906
621 497
458 981
206 920
258 986
905 735
843 757
962 498
614 497
423 907
678 498
771 781
434 821
734 499
937 498
70 536
27 800
776 905
491 941
731 498
279 829
124 583
232 726
67 604
642 661
296 568
230 594
812 498
203 974
700 789
387 650
973 499
448 703
44 644
694 754
439 815
701 499
503 499
466 998
96 705
149 623
856 499
349 867
178 854
581 932
722 497
854 829
881 950
458 566
759 621
342 817
610 497
445 592
418 649
203 904
246 791
173 920
137 886
968 499
660 498
682 881
343 573
398 978
143 944
130 978
180 828
940 499
164 959
361 550
129 982
529 498
235 735
304 873
295 619
160 830
885 497
220 721
326 603
360 533
920 498
420 551
543 498
258 836
236 625
754 497
587 498
602 964
240 969
442 516
389 637
890 498
758 499
636 499
694 497
217 900
843 499
665 498
726 498
58 873
34 747
570 498
215 507
285 870
807 497
224 967
118 851
118 988
91 823
572 499
361 659
106 594
313 969
459 551
232 843
400 615
766 499
599 499
331 888
290 502
259 561
200 574
457 664
229 695
380 549
887 497
976 497
338 966
856 974
143 934
730 499
319 629
801 499
835 497
900 499
333 995
674 655
709 814
29 793
876 497
65 532
643 499
101 916
19 986
292 936
443 665
113 975
716 499
946 497
668 712
60 933
515 672
962 497
661 499
586 497
788 499
574 499
582 497
270 656
231 693
15 714
479 749
143 703
89 699
108 893
492 977
239 749
721 499
437 900
426 861
364 629
572 683
62 661
752 852
120 941
432 858
888 498
177 939
734 497
109 843
802 497
663 499
195 891
711 497
206 962
402 520
427 961
262 710
577 497
188 716
300 796
819 498
139 623
746 498
413 746
737 499
134 972
504 497
930 499
858 870
282 542
51 527
978 498
153 687
246 917
630 499
336 707
591 498
484 995
109 963
852 498
91 742
622 499
357 601
450 776
249 938
240 559
298 704
639 498
726 868
631 497
583 499
970 499
732 499
42 993
938 497
7 657
959 803
155 988
105 995
895 497
89 892
526 498
143 834
970 542
800 497
620 611
726 497
794 576
210 678
671 497
80 617
4 917
244 812
634 497
848 678
746 497
88 936
826 499
474 685
862 498
645 609
73 846
78 997
979 497
709 498
356 994
52 828
562 499
757 498
567 499
623 497
914 498
669 498
304 635
997 497
368 560
418 830
148 939
23 790
738 499
793 632
812 497
251 736
734 498
359 684
222 926
245 913
930 498
728 497
576 499
674 497
352 733
629 497
140 769
230 520
33 994
501 499
672 503
321 566
887 498
106 907
272 620
86 699
197 510
37 630
594 498
320 773
783 499
730 497
262 523
920 695
742 890
296 717
670 497
456 546
766 802
139 673
846 498
896 499
985 787
108 586
480 521
37 863
597 499
960 497
865 498
611 497
404 925
406 627
745 497
395 895
29 956
33 533
7 913
428 582
613 499
764 499
205 865
219 887
266 519
855 937
581 777
609 498
358 783
254 699
891 499
92 626
91 772
825 615
99 618
293 552
942 641
785 893
806 498
158 792
752 497
146 723
637 928
461 766
245 791
340 549
535 499
284 726
550 948
524 499
879 497
197 890
914 499
394 977
431 531
679 499
801 498
551 498
271 545
140 715
113 682
68 519
308 525
485 844
577 498
695 997
849 498
595 497
270 911
532 499
695 498
328 718
525 497
120 511
1 898
562 688
367 790
897 497
570 497
324 660
665 497
989 497
577 708
208 947
520 497
763 498
1 843
324 999
523 498
718 499
684 498
550 498
687 499
169 524
641 717
816 498
125 878
593 783
679 497
196 934
93 934
350 796
733 499
840 826
778 828
920 499
357 631
919 497
378 586
360 612
354 840
518 497
656 994
275 863
127 648
143 725
30 652
881 822
821 659
220 849
647 497
764 497
446 959
268 732
471 977
286 736
504 761
22 532
778 498
135 585
818 499
214 623
533 497
589 497
983 498
739 498
399 548
976 541
116 549
298 900
346 719
612 574
420 614
470 941
935 497
359 881
150 768
237 616
173 585
920 497
646 499
189 583
681 497
387 681
753 499
729 499
905 499
354 766
937 750
382 771
712 498
619 497
864 499
663 498
203 620
457 937
830 497
510 497
152 622
28 914
233 982
24 809
992 988
559 497
738 498
363 937
683 637
689 498
225 581
729 498
188 593
584 498
802 498
174 598
913 497
275 567
242 936
668 582
575 498
240 801
687 498
826 498
507 598
647 499
303 903
719 498
895 726
122 827
348 732
453 591
93 855
418 970
367 628
321 792
965 498
871 499
808 498
484 687
749 499
24 712
319 704
927 497
578 497
925 499
365 913
811 520
622 497
460 832
483 875
684 497
219 973
904 499
63 661
125 922
568 497
988 497
980 908
120 670
56 732
223 999
950 793
375 542
929 497
77 853
462 742
115 926
868 499
189 734
76 966
430 948
836 883
168 598
266 964
866 869
829 498
337 773
574 497
414 602
5 732
350 973
825 498
761 515
346 537
934 499
946 763
174 899
66 746
358 551
623 499
503 645
439 579
114 996
13 993
506 742
579 499
463 598
400 931
531 499
583 543
785 498
502 499
921 499
74 968
972 497
330 750
86 548
410 925
2 791
544 498
142 741
762 498
506 544
810 499
325 703
772 575
100 682
408 764
59 827
933 510
969 499
815 624
918 499
120 501
139 798
518 499
66 876
962 773
834 914
458 758
825 671
504 747
336 915
221 808
873 519
772 499
670 860
76 675
42 598
621 866
630 498
91 606
951 497
187 853
136 659
935 499
650 498
171 741
794 499
55 956
310 727
296 644
440 907
532 497
45 676
851 497
569 499
17 971
414 931
617 774
558 601
959 497
895 509
43 731
8 984
625 499
124 701
379 825
821 751
801 500
277 506
539 540
117 939
793 498
556 499
638 499
419 791
796 498
316 613
987 497
484 680
41 633
213 663
908 498
151 604
731 499
893 497
568 499
899 498
70 909
468 819
25 957
325 553
977 697
286 630
268 512
280 614
347 866
996 499
470 787
174 960
213 532
602 498
860 610
975 497
763 953
302 890
226 656
386 812
327 861
93 698
385 741
623 951
779 498
521 498
122 686
798 497
590 497
435 921
627 497
883 497
107 767
46 834
550 499
87 584
886 942
928 499
328 636
444 516
194 869
717 499
389 929
908 875
171 676
714 497
3 736
755 498
885 499
609 499
180 615
97 803
509 497
936 498
857 700
200 860
993 498
470 599
941 498
443 925
550 720
735 499
537 499
330 806
859 498
831 497
874 499
626 497
359 999
912 498
65 781
768 498
365 607
266 942
304 817
339 878
658 498
776 498
99 502
548 498
264 601
593 497
480 598
414 954
592 497
865 941
450 754
276 835
942 499
359 969
708 689
840 592
637 499
739 499
674 498
604 597
495 877
94 651
451 506
54 780
322 759
704 499
101 705
158 565
35 833
832 499
612 498
578 910
25 529
547 497
696 499
173 640
427 667
847 498
595 498
692 498
900 497
890 497
315 613
99 954
768 497
820 497
633 497
138 768
906 546
948 498
821 498
421 547
173 806
719 499
739 497
132 544
33 837
637 498
230 565
467 794
816 497
339 634
869 498
53 774
634 499
498 599
546 498
224 643
456 520
569 497
920 736
978 499
93 755
7 955
671 771
657 891
326 645
775 498
494 741
542 499
864 946
414 907
75 728
497 713
228 908
103 604
522 498
645 497
48 753
894 973
860 497
587 915
421 709
610 499
747 497
749 497
703 960
844 580
467 629
968 527
984 497
724 497
393 827
413 533
703 499
118 758
458 740
979 498
814 502
515 682
888 497
759 701
481 998
100 722
961 497
752 768
629 922
799 498
791 498
761 497
691 498
125 680
214 986
771 498
898 497
817 499
268 820
532 498
891 497
303 519
460 845
234 803
793 499
35 749
280 821
55 653
720 725
355 831
640 499
708 499
95 510
564 622
134 956
182 663
672 498
306 960
666 499
939 499
419 704
912 497
531 498
289 799
485 526
382 759
775 499
113 925
332 738
373 685
288 719
308 603
842 499
875 499
966 753
211 559
157 536
728 499
171 699
130 560
571 499
909 862
657 498
451 593
388 573
419 619
844 497
254 816
25 921
39 581
762 834
183 573
970 878
528 499
462 626
929 499
657 497
350 685
280 664
668 499
525 552
219 531
516 498
855 498
124 861
152 722
543 499
758 498
316 881
230 994
884 499
369 851
341 924
752 499
848 499
525 499
648 498
585 706
941 497
725 498
952 498
700 497
191 569
831 498
378 947
416 654
761 499
433 783
57 863
894 499
714 499
713 499
819 499
868 943
555 498
376 671
578 499
250 663
961 499
507 825
64 723
626 498
560 498
375 955
244 998
62 642
602 499
403 500
405 954
854 497
279 720
700 499
997 499
452 912
582 498
672 499
575 662
492 510
109 698
855 845
471 779
903 499
459 808
131 571
214 786
946 498
388 643
6 761
550 967
22 958
674 895
962 499
184 531
633 499
82 635
556 553
241 594
119 794
35 945
886 499
525 962
756 497
820 499
85 751
876 559
83 604
178 539
0 847
123 601
681 499
539 498
420 714
955 498
547 498
120 593
358 567
960 692
477 827
600 499
87 682
210 985
729 497
596 497
177 576
483 673
651 499
915 498
418 603
934 548
605 498
215 759
286 994
261 751
259 550
261 802
837 498
488 549
933 945
441 684
170 635
271 905
789 499
954 499
904 882
321 795
666 498
874 498
101 878
596 499
37 561
280 819
956 570
366 663
662 978
826 657
865 497
956 499
860 536
836 498
500 497
854 498
258 501
949 498
142 678
142 831
928 930
649 497
170 926
754 499
154 559
49 985
222 763
401 589
245 891
995 568
980 499
803 498
596 498
402 516
260 939
66 573
427 599
163 723
453 629
853 497
5 970
698 497
588 639
12 541
420 651
977 497
339 707
927 779
750 698
469 804
650 497
754 498
4 837
254 777
17 753
894 498
190 878
202 506
78 952
677 497
781 499
417 853
127 880
598 499
20 745
539 497
157 955
369 742
902 499
731 497
269 800
131 963
693 497
303 987
360 640
367 798
779 499
805 498
530 498
715 498
360 538
53 743
615 497
278 814
152 551
881 497
929 885
561 497
947 498
17 739
839 498
758 966
712 497
101 526
491 935
675 499
364 664
186 560
654 923
401 960
621 612
931 498
580 660
918 498
760 499
41 907
219 984
703 663
676 499
656 590
911 498
938 499
858 499
29 959
604 499
383 844
237 733
845 499
898 499
671 512
220 717
488 556
608 899
846 497
756 498
653 499
384 716
395 541
369 754
861 498
390 809
282 612
968 498
406 562
966 498
136 661
785 740
124 803
982 800
508 498
334 679
772 497
553 499
808 499
610 498
215 901
614 499
57 885
69 727
4 686
668 497
498 557
228 902
383 940
883 830
603 499
645 979
376 672
679 498
194 957
727 498
377 614
434 780
543 497
517 498
154 789
42 928
404 701
937 499
985 499
149 742
579 685
230 901
971 499
558 499
870 813
165 804
37 746
368 985
34 920
263 716
56 846
954 497
534 499
718 497
3 707
977 498
392 886
785 853
204 594
595 794
813 497
435 618
980 497
449 512
57 660
988 498
733 498
239 684
995 497
447 719
15 613
699 499
225 788
750 772
879 569
508 499
689 497
913 498
625 497
415 742
125 774
878 499
279 614
326 686
921 931
549 491
530 497
349 742
559 498
298 771
935 498
497 907
470 885
635 709
157 921
503 498
292 858
811 693
196 813
197 676
807 499
242 697
237 723
263 711
907 498
410 706
618 497
320 659
13 669
361 577
857 499
44 500
326 915
190 917
449 842
298 829
905 497
225 853
790 584
18 976
496 771
813 823
688 499
96 956
875 497
666 989
644 499
601 499
257 872
290 604
684 499
636 498
305 730
945 564
210 790
783 498
14 875
113 550
750 498
869 499
456 867
248 671
83 891
759 719
575 497
901 690
336 876
27 888
512 499
958 714
910 497
566 630
791 497
0 603
972 498
425 782
51 835
27 844
137 533
629 907
619 684
852 497
986 526
815 497
652 498
642 499
305 795
927 499
177 612
924 756
968 658
467 819
743 497
977 499
34 944
761 498
163 763
994 497
825 669
762 499
628 499
428 520
0 982
952 497
786 497
402 810
249 789
134 730
589 499
902 498
291 589
383 674
490 550
824 499
406 674
697 499
477 631
233 708
966 499
506 497
760 498
451 733
391 642
402 819
721 497
444 690
126 557
185 971
498 886
284 607
712 987
394 839
916 499
427 522
963 799
164 919
906 497
290 731
358 699
260 605
549 489
84 733
567 620
526 619
380 932
647 902
848 498
65 967
634 498
100 596
606 550
676 497
273 737
460 993
775 497
270 663
468 794
545 498
276 661
710 497
467 578
493 880
811 704
210 833
891 498
167 806
168 965
863 968
815 499
841 498
630 497
631 499
82 997
132 798
62 753
201 993
458 843
873 498
434 746
864 776
263 839
557 499
305 994
640 497
263 822
224 807
549 497
780 499
163 811
151 507
867 498
291 846
773 497
315 657
91 765
154 570
748 999
318 746
430 863
696 879
753 498
533 498
778 497
224 719
631 498
841 497
54 549
355 792
5 941
323 920
164 781
250 544
862 499
575 499
747 499
932 498
551 499
784 498
769 499
738 805
174 513
965 806
361 877
721 498
503 497
180 927
179 769
867 497
840 694
376 595
342 786
933 497
561 306
