1000 4009 480
784 411
741 430
893 133
753 582
173 628
918 212
207 768
841 77
231 638
207 872
318 566
213 806
583 253
213 753
717 673
784 430
754 430
596 979
791 556
347 599
918 231
824 133
981 379
939 769
122 676
87 900
883 93
267 693
253 505
583 267
923 847
111 638
253 497
45 915
547 77
505 599
77 693
824 122
231 566
64 628
399 900
77 505
547 318
918 347
34 636
122 872
824 231
592 133
592 219
347 693
824 347
883 411
87 939
399 497
219 676
741 379
583 207
648 231
717 93
583 36
45 753
267 768
207 806
45 768
547 399
219 769
784 190
492 430
784 347
806 714
492 34
64 574
757 846
918 411
133 599
492 55
944 133
45 599
647 318
883 317
212 574
547 267
841 34
55 693
754 213
648 93
741 219
246 638
122 806
593 133
111 582
741 318
213 566
411 566
379 505
430 748
411 586
547 51
824 399
219 599
841 399
45 574
87 915
944 190
741 267
318 574
430 769
190 574
754 55
784 219
111 900
133 497
648 430
592 318
246 872
754 64
824 55
347 806
36 939
318 636
583 212
246 806
34 872
717 359
399 586
879 51
122 753
824 93
51 915
918 253
717 190
957 829
593 77
64 872
253 714
212 872
841 36
267 915
829 526
93 939
879 64
359 628
529 173
673 34
267 753
583 379
231 915
207 628
593 253
318 748
253 748
754 133
583 246
430 753
318 638
212 676
592 267
253 753
841 529
690 122
207 574
219 505
648 379
918 359
317 748
87 676
841 51
741 133
784 399
190 847
267 806
133 900
789 231
547 317
213 714
231 599
36 628
253 806
93 574
190 586
841 93
583 64
45 939
133 872
359 753
77 753
583 45
359 768
754 379
246 599
122 628
64 769
592 93
318 586
893 34
944 411
841 317
430 574
173 939
190 636
887 708
879 93
981 36
647 64
36 636
51 628
879 45
717 45
246 939
592 213
883 45
529 231
212 599
673 36
492 253
741 55
893 253
918 981
87 872
841 430
547 213
981 253
547 592
879 111
583 51
246 900
253 769
879 754
944 34
754 246
893 430
824 430
741 122
212 508
55 847
267 676
741 93
77 714
77 872
379 847
918 77
754 190
708 706
879 34
593 359
411 505
317 638
399 768
944 347
190 505
93 693
784 379
55 497
784 173
784 122
789 122
77 636
87 574
190 768
212 628
246 505
918 36
893 317
784 133
253 939
673 213
347 497
944 212
690 173
593 379
824 36
492 267
593 430
207 599
51 505
918 318
717 207
34 638
592 359
648 246
648 77
190 753
673 379
492 944
754 317
648 212
583 213
36 505
717 267
717 347
430 566
246 753
359 676
717 246
267 628
51 769
207 508
318 806
267 582
347 714
51 693
173 599
593 318
347 872
529 347
64 508
648 883
789 318
64 847
212 753
207 638
219 586
593 51
647 219
583 430
841 133
51 586
944 45
267 714
944 359
36 497
213 676
64 768
359 769
893 379
219 693
690 359
593 267
944 246
111 636
246 574
883 207
784 741
55 768
379 497
36 599
379 806
824 379
399 872
399 574
789 246
918 219
885 957
717 219
741 111
246 768
399 714
529 64
717 253
34 900
87 748
547 133
34 497
717 36
36 806
690 190
219 714
741 51
529 87
754 318
547 430
36 508
883 219
190 900
879 133
411 915
45 586
492 36
593 231
918 111
111 505
213 582
219 939
789 430
647 87
784 36
173 753
529 246
648 399
637 757
190 872
55 599
87 806
592 34
893 318
430 508
347 847
690 55
133 566
944 111
399 582
173 900
173 574
430 939
789 399
64 599
981 51
111 872
648 411
45 748
93 638
529 789
87 628
122 714
36 872
133 586
690 45
741 207
592 36
754 347
717 64
673 231
529 207
784 93
34 599
893 219
754 359
213 586
347 505
784 111
77 508
593 173
430 497
846 767
784 317
93 900
741 77
347 586
317 806
173 636
122 769
347 768
231 693
430 505
754 411
411 599
77 847
430 872
893 122
411 497
317 599
219 497
526 923
267 769
379 714
673 253
219 900
317 676
981 93
173 872
647 55
411 693
714 748
45 693
883 64
893 173
690 347
173 693
944 213
359 505
879 87
690 318
893 36
824 246
173 748
359 599
690 841
253 582
647 212
789 55
547 212
593 246
267 505
648 133
34 769
784 77
547 379
529 133
359 508
593 213
593 212
690 34
883 246
918 399
717 133
318 915
986 885
93 636
111 599
547 411
847 628
647 34
492 133
673 267
841 231
754 219
492 317
267 574
492 51
253 574
492 87
754 212
767 986
648 253
77 939
93 806
717 51
411 748
111 748
592 51
267 900
648 45
824 51
77 497
706 596
698 718
317 574
879 173
55 505
944 93
492 213
55 636
754 267
841 87
583 87
789 379
673 55
592 55
77 586
212 939
51 748
673 45
944 219
87 566
51 806
133 769
399 693
648 207
879 267
824 111
492 246
231 939
87 636
717 318
133 806
492 379
529 267
529 359
45 714
190 769
51 582
592 246
754 207
111 939
673 212
430 768
673 77
317 753
648 36
213 872
34 574
717 111
45 638
690 231
741 399
592 593
879 359
359 566
51 714
64 939
556 695
981 246
207 714
789 190
317 939
77 599
979 830
789 64
647 411
492 399
267 636
718 637
824 213
648 318
111 574
122 586
648 51
212 505
133 505
64 497
317 872
36 693
583 55
379 636
893 190
529 36
592 212
592 207
784 212
77 769
824 492
593 93
918 34
893 498
638 505
55 753
45 497
784 231
253 586
824 173
430 806
647 111
317 900
824 77
789 87
592 430
213 900
648 122
34 582
55 915
824 267
879 379
318 769
754 122
111 628
748 872
347 628
213 939
879 411
648 34
593 219
190 915
173 505
219 806
981 411
492 173
883 379
918 93
784 45
529 379
592 399
944 430
879 122
430 714
547 93
36 753
411 714
883 213
529 45
547 359
754 111
784 34
673 893
267 939
34 566
981 583
492 77
212 586
430 900
789 93
593 55
583 317
93 753
592 111
648 87
379 768
34 748
789 51
824 253
981 219
318 714
883 231
593 411
586 508
648 213
647 93
883 34
36 768
359 497
824 411
529 122
647 51
648 111
900 586
173 676
430 628
673 318
583 190
673 207
981 399
789 267
841 411
841 379
190 748
122 768
592 379
574 638
883 133
122 638
213 847
246 748
529 318
36 714
492 212
359 714
317 915
879 36
582 574
36 676
841 173
547 34
599 915
246 847
347 638
219 847
212 693
190 676
492 318
317 847
583 318
219 508
717 34
36 769
583 231
207 676
379 900
430 586
77 574
411 769
918 207
497 693
741 87
647 207
87 769
944 207
34 939
673 64
212 915
741 253
547 36
789 45
64 806
879 55
411 900
754 87
883 173
359 582
77 676
173 582
944 648
34 505
784 246
318 599
318 753
717 379
918 64
841 207
944 77
690 267
399 753
944 253
51 599
379 508
879 231
789 411
529 111
87 693
317 714
824 219
122 636
547 122
717 122
359 638
981 122
754 34
93 676
592 173
789 219
34 508
34 714
492 93
87 753
673 173
399 505
207 586
93 915
784 267
841 55
879 347
122 748
583 122
411 872
347 574
918 133
93 599
647 918
213 638
51 768
893 267
347 676
93 748
741 690
318 582
87 508
77 768
93 582
647 317
592 87
347 636
122 900
593 347
45 508
55 806
77 566
741 190
213 505
690 213
879 212
411 768
754 51
717 399
583 133
111 508
253 638
379 566
824 87
841 45
830 698
212 714
411 508
213 768
173 714
411 806
981 190
893 359
51 847
87 497
915 676
318 847
379 872
593 317
133 847
51 900
231 900
592 190
133 508
93 508
647 430
492 411
673 430
379 915
399 847
754 253
566 768
498 896
893 64
207 847
883 647
492 207
45 628
399 599
944 267
87 582
628 636
231 574
51 638
784 213
231 847
944 173
741 34
213 915
981 87
754 77
508 753
212 768
647 231
246 582
399 508
219 574
267 599
754 824
648 64
122 566
647 36
111 497
944 64
593 36
77 628
318 768
824 318
231 714
648 359
87 599
690 77
93 566
918 379
34 676
754 231
741 45
55 628
647 122
981 430
879 207
111 847
133 939
918 51
318 505
789 207
893 87
111 676
768 497
87 847
547 111
430 915
695 887
883 212
647 77
583 359
36 847
411 636
45 676
34 628
769 566
717 212
583 784
246 636
824 212
883 318
647 253
717 173
212 566
529 212
676 806
872 939
944 317
45 872
784 207
253 628
213 748
879 318
673 359
784 64
883 36
648 317
36 900
841 267
717 317
896 791
593 717
690 317
583 34
717 430
51 676
717 231
93 872
789 212
944 51
34 753
34 768
219 636
34 915
64 676
231 582
592 122
207 582
267 872
690 212
122 915
547 190
231 497
64 638
583 77
784 51
741 36
253 872
981 318
190 497
690 93
841 212
173 847
253 599
492 45
173 769
893 213
636 900
918 173
317 508
36 748
647 133
944 36
122 574
399 628
741 347
647 347
592 347
45 582
647 173
648 190
547 347
213 636
318 872
64 566
647 190
267 497
883 190
673 122
547 246
45 505
789 547
492 122
981 212
411 638
583 219
879 190
213 599
399 566
231 636
923 430
207 748
207 566
34 498
190 939
673 399
207 769
883 430
923 411
55 574
55 508
317 768
212 806
893 207
133 628
944 231
784 359
36 498
231 508
399 915
246 566
547 173
647 399
981 45
923 399
45 498
55 714
690 253
492 231
879 317
690 207
318 900
824 190
411 628
741 231
593 45
529 430
593 122
893 93
717 87
893 399
122 693
547 207
411 582
231 769
592 45
648 219
190 714
918 213
55 566
51 498
359 574
883 359
64 915
673 111
754 399
592 77
583 111
690 399
583 173
944 379
673 190
430 847
212 497
359 939
77 638
317 628
133 582
879 219
207 753
246 497
77 582
207 915
219 748
207 939
592 64
593 34
55 939
111 769
690 87
347 566
789 213
981 55
190 582
317 566
883 111
45 847
430 599
399 636
673 87
64 714
741 64
717 77
267 508
529 253
246 628
173 566
981 207
347 900
399 939
690 51
55 498
173 497
492 64
173 915
207 636
359 806
55 748
379 586
36 586
213 508
673 246
673 133
253 768
981 213
267 748
741 359
547 219
841 318
923 379
359 636
529 399
246 714
347 748
893 231
841 246
592 317
253 636
529 55
111 915
893 246
883 51
36 638
529 77
789 133
111 714
379 748
648 173
841 111
690 379
411 847
893 77
317 582
918 45
741 411
529 34
190 693
231 768
399 806
923 359
212 748
529 93
64 505
212 847
246 676
173 806
77 900
64 498
754 45
918 122
648 55
547 87
547 231
593 207
34 806
253 915
51 508
379 582
34 847
231 628
318 628
841 347
77 498
317 497
883 267
883 399
981 267
717 411
55 769
592 411
824 207
673 317
87 498
246 915
190 508
45 769
492 190
64 582
190 566
93 498
754 36
359 847
492 359
36 915
824 34
923 347
111 768
51 872
647 45
133 753
379 638
64 748
317 769
267 847
34 693
690 111
359 915
583 399
246 508
893 111
133 636
648 347
246 693
133 915
87 714
583 411
317 586
789 34
122 505
824 359
207 900
122 497
981 111
883 253
64 753
207 497
253 847
318 939
173 638
111 753
529 51
246 586
359 872
45 900
918 87
647 379
789 253
923 318
824 64
213 628
133 574
784 87
893 347
219 915
841 253
379 599
923 317
529 190
173 586
87 586
231 676
379 628
529 219
231 586
317 693
207 505
55 676
918 317
547 55
399 769
879 77
883 55
893 51
784 318
93 768
111 498
45 806
399 676
379 574
347 753
923 267
789 36
317 636
122 498
883 77
213 497
944 55
944 87
547 64
51 497
133 498
411 574
133 748
923 253
318 693
841 213
93 505
430 582
647 246
55 582
51 753
133 714
379 939
824 45
981 231
690 133
893 411
231 753
347 582
824 317
918 430
690 36
51 574
583 347
122 599
918 267
93 769
981 359
267 586
944 318
246 769
253 676
789 173
253 693
212 769
741 317
253 508
841 64
93 497
673 347
379 693
347 769
918 190
754 173
789 111
647 213
212 582
379 676
55 638
231 748
673 219
879 253
981 133
923 246
741 212
173 498
883 347
593 64
190 638
547 253
347 939
918 55
190 599
647 267
673 411
673 51
347 508
754 93
981 34
789 359
593 87
318 497
219 753
87 505
231 505
648 267
219 566
592 253
673 93
122 508
492 219
45 636
173 508
529 317
219 872
981 347
213 693
944 399
133 638
399 638
219 628
213 769
841 219
267 566
212 638
133 693
219 768
593 399
529 213
36 574
379 769
51 566
717 213
789 77
93 847
190 628
717 55
379 753
64 693
36 582
741 246
190 498
893 212
981 77
212 636
77 915
64 636
267 638
87 638
690 430
64 900
690 219
981 173
690 246
93 628
399 748
411 753
55 872
111 586
492 347
122 582
923 231
411 676
219 638
583 93
122 847
77 748
789 347
111 693
51 636
923 219
213 574
133 676
784 253
430 693
190 806
207 498
841 122
111 806
212 498
944 122
883 87
318 676
879 430
741 173
45 566
690 411
547 45
893 55
111 566
87 768
492 111
51 939
207 693
122 939
883 122
212 900
77 806
893 45
879 399
690 64
879 246
347 915
841 359
593 111
981 317
231 806
36 566
923 213
253 566
592 231
359 586
593 190
219 582
359 748
918 246
430 638
318 508
879 213
741 213
789 317
647 359
529 411
34 586
253 900
359 693
93 714
133 768
359 900
317 505
55 900
55 586
981 64
430 676
173 768
411 939
841 190
231 872
64 586
784 55
430 636
93 586
105 408
148 193
180 772
215 460
21 315
838 820
268 383
423 975
255 304
619 925
172 423
217 339
26 85
119 154
201 204
288 466
381 913
354 953
85 91
945 670
140 670
469 539
153 180
330 828
48 403
334 863
63 341
214 282
13 273
81 102
60 114
53 167
589 510
340 445
423 955
533 816
75 431
160 306
297 357
447 897
651 904
139 256
40 991
322 374
873 785
237 645
109 752
421 423
30 52
59 313
181 489
134 655
418 994
277 455
310 342
898 820
63 324
352 382
54 236
251 374
174 613
181 469
268 393
161 912
341 416
296 467
252 358
389 970
272 368
316 371
112 403
79 427
373 409
865 481
179 426
23 369
158 474
390 735
374 546
98 863
268 369
184 200
168 439
309 502
191 226
351 373
161 296
24 76
103 166
477 580
6 170
84 420
429 467
39 387
931 587
355 955
131 913
163 407
277 445
129 400
301 341
247 294
17 287
58 867
195 338
147 392
187 699
58 361
143 295
96 233
402 873
795 943
229 564
323 395
135 211
126 255
49 99
20 334
520 539
113 160
100 772
155 283
292 334
80 625
200 234
204 269
272 419
329 867
108 139
151 595
31 417
104 260
53 376
11 381
203 975
118 149
234 378
458 490
4 53
182 303
2 248
331 832
257 326
210 243
7 375
73 285
291 460
163 438
75 224
382 577
247 904
139 562
230 677
304 562
2 125
125 431
220 314
298 603
237 625
179 421
13 88
198 940
85 475
1 228
68 478
86 565
229 991
145 164
245 820
147 949
520 869
141 419
303 511
743 546
168 512
102 241
95 250
273 420
248 391
23 357
71 569
329 443
176 391
339 721
5 955
308 785
811 761
170 520
71 378
67 107
23 440
8 466
337 402
284 426
150 441
223 240
460 549
52 161
825 974
262 271
129 236
386 852
58 785
854 696
2 397
609 710
208 215
17 904
75 80
50 296
159 975
242 697
127 598
147 450
200 666
26 237
103 350
854 511
139 457
346 462
115 186
65 214
35 263
175 406
459 844
417 448
57 89
119 280
249 274
180 263
332 681
151 424
389 447
96 617
184 555
149 450
217 534
147 546
398 702
8 335
23 29
237 439
116 210
167 702
139 421
564 924
401 803
194 803
333 409
79 229
729 696
197 974
2 955
54 256
391 455
135 169
124 428
96 147
108 266
127 385
289 697
283 916
200 230
186 330
24 248
74 184
108 331
451 678
255 446
422 562
407 416
351 696
43 414
16 384
164 403
116 974
114 353
178 188
184 326
462 956
136 447
343 665
377 453
132 252
300 656
259 378
241 429
358 916
458 831
115 328
453 684
369 680
336 629
419 598
44 50
406 432
341 940
240 999
8 845
224 832
292 475
474 665
471 565
147 465
1 232
69 827
294 358
290 510
426 823
50 455
431 503
366 931
43 293
96 589
32 811
795 953
262 820
172 435
381 751
88 907
185 370
8 431
369 504
117 200
208 243
237 404
28 254
42 751
324 344
279 898
61 406
9 131
89 269
281 288
248 888
437 504
167 831
192 458
136 405
37 235
11 218
285 345
250 325
406 423
24 412
112 123
44 413
755 735
344 369
88 773
28 287
441 945
126 410
116 142
187 564
1 826
205 222
549 940
1 243
84 278
338 982
14 449
135 200
128 527
110 451
225 333
20 429
148 247
100 148
153 367
943 813
306 924
199 793
13 474
247 826
196 852
59 295
474 955
57 300
5 165
172 428
48 279
425 898
291 681
79 146
250 335
52 697
351 504
405 736
304 467
336 393
22 293
109 327
135 227
378 510
141 487
157 309
22 975
831 503
102 371
378 856
247 389
419 940
237 273
339 400
275 938
60 510
319 395
448 589
19 355
565 512
281 394
195 215
58 66
345 630
48 653
17 53
60 116
305 898
42 375
178 346
48 699
108 110
321 436
252 449
469 737
352 444
831 487
54 342
109 350
119 655
127 160
19 338
159 625
18 60
21 210
2 470
248 261
70 391
60 249
80 158
99 143
319 998
114 916
367 577
101 818
237 343
160 844
362 823
48 150
58 925
19 414
729 907
350 617
175 201
382 477
37 338
119 433
90 666
374 446
356 361
92 603
100 180
126 382
41 761
343 653
95 462
71 260
124 869
261 277
94 171
129 382
280 924
27 943
135 479
125 199
208 276
86 321
279 374
11 595
340 751
186 982
404 904
2 123
157 863
269 285
314 831
831 629
23 322
595 995
66 452
18 696
88 187
136 328
41 224
464 625
113 678
124 712
154 275
331 459
964 629
311 641
401 813
98 378
81 269
285 655
320 418
323 793
258 573
118 931
293 680
96 257
325 432
376 710
83 337
76 345
603 510
438 453
365 795
598 487
204 435
32 793
218 410
397 404
41 470
169 394
199 794
382 678
28 68
448 844
233 803
453 474
33 822
126 955
256 873
174 200
171 196
24 330
325 827
59 276
174 181
9 28
151 348
280 282
71 472
286 383
147 268
343 489
142 265
446 665
338 460
49 603
146 674
275 401
329 938
9 863
249 580
294 820
2 18
273 333
30 424
279 533
320 898
587 803
112 831
158 890
955 573
291 363
11 178
297 350
208 365
73 954
84 820
140 178
135 249
124 481
362 374
312 371
625 546
282 521
177 382
232 256
489 629
283 333
433 854
27 852
367 370
447 949
244 822
279 321
73 452
702 982
35 457
193 949
913 736
79 820
302 565
288 487
192 251
603 852
123 711
125 921
299 301
134 685
146 247
2 27
78 362
181 641
71 797
279 613
666 568
49 96
222 803
113 247
270 374
168 402
424 609
301 450
103 333
276 463
113 248
123 467
159 735
143 214
221 797
234 300
242 416
170 172
140 811
222 477
13 995
180 954
331 365
247 916
333 999
169 895
144 199
33 665
69 439
144 424
23 128
343 998
94 216
78 617
464 946
46 241
126 369
183 439
3 58
396 869
332 423
443 795
85 357
199 423
266 772
568 982
31 68
335 504
83 660
401 577
221 265
83 416
436 737
449 982
259 761
365 394
33 580
147 751
181 196
193 852
194 925
54 104
388 751
372 422
199 890
17 551
945 938
110 265
238 406
126 413
28 101
268 512
54 682
184 852
48 645
102 474
265 419
23 177
450 565
696 938
255 504
421 666
12 283
101 348
306 873
46 230
90 625
402 521
76 114
413 455
10 362
100 286
793 909
376 460
127 202
186 773
297 555
95 852
3 681
162 303
562 562
863 975
203 366
365 433
84 177
123 785
240 451
203 416
59 458
357 478
144 316
383 737
271 395
37 390
239 772
116 924
473 512
256 375
143 351
415 418
303 361
360 867
123 295
660 534
13 489
964 666
281 794
121 325
32 334
341 418
148 192
272 432
252 503
116 372
420 729
348 820
104 477
112 296
400 464
209 752
150 300
150 354
8 372
432 982
181 457
3 202
112 319
469 735
820 816
16 467
182 737
128 131
117 539
22 797
151 956
324 465
473 641
456 476
107 217
214 329
338 402
487 710
12 376
128 294
369 797
16 211
357 534
126 188
822 949
462 587
464 603
1 322
1 300
205 562
149 187
5 26
201 473
54 573
28 357
148 655
325 925
136 439
179 909
91 459
123 681
92 456
394 670
73 433
375 670
143 457
63 854
175 752
811 794
181 684
33 895
9 735
96 364
294 299
109 436
180 470
21 209
29 313
183 202
238 651
94 185
96 949
252 869
47 412
71 504
340 489
335 509
226 818
656 710
409 429
110 174
5 702
286 296
383 897
382 822
41 386
898 511
326 533
395 995
955 825
25 335
314 355
409 895
139 282
164 205
160 203
294 320
314 512
180 214
304 909
380 609
350 427
85 127
11 186
390 564
431 921
28 332
215 445
3 65
69 288
326 356
389 913
76 85
230 310
793 630
292 369
8 907
729 487
138 315
17 296
262 290
145 216
70 127
424 677
210 736
306 759
308 728
226 345
334 826
17 471
229 461
118 372
155 617
108 580
163 352
143 161
256 476
72 188
5 448
68 684
32 427
153 284
232 843
342 520
183 432
11 80
71 785
371 489
70 124
10 818
241 609
203 285
12 569
135 356
129 296
38 275
148 360
85 953
100 549
332 454
57 343
527 562
973 856
277 348
96 598
184 403
371 825
461 974
121 366
26 549
70 271
334 473
248 266
108 220
128 474
80 189
651 617
76 450
199 888
97 890
357 577
75 206
323 417
420 619
191 439
204 298
104 400
224 479
180 461
316 984
168 555
216 349
197 264
216 854
297 972
339 897
244 420
368 710
464 565
201 581
370 685
793 797
360 370
443 916
32 314
14 165
62 206
309 452
26 56
245 362
350 994
174 385
183 710
78 374
458 984
56 66
126 309
30 114
193 395
192 907
166 471
258 954
27 331
269 823
314 460
325 794
283 622
275 322
412 613
314 334
66 625
69 562
250 580
943 946
6 344
625 710
780 843
43 598
376 388
308 825
351 479
100 466
170 277
74 192
95 348
645 487
139 418
383 940
264 475
144 466
310 913
165 681
11 79
14 844
176 490
251 279
323 984
402 609
251 413
244 390
238 400
237 950
62 402
378 434
41 100
0 2
25 818
275 699
270 816
278 625
96 373
6 130
102 964
174 286
75 126
342 974
381 397
44 98
956 894
442 909
137 296
94 339
468 603
555 982
373 949
54 336
197 425
322 354
306 373
236 982
10 898
15 61
241 943
84 179
307 924
391 897
110 696
327 463
221 244
250 827
353 467
6 645
70 461
84 463
8 502
712 511
140 225
235 378
140 984
702 907
294 565
218 363
234 338
460 943
287 736
355 598
973 655
129 275
358 463
237 982
319 390
283 710
126 478
106 432
393 684
288 454
163 252
95 533
0 247
324 367
393 450
170 478
113 188
423 580
10 863
29 832
827 822
79 106
58 131
161 826
307 653
10 174
210 277
254 418
191 728
142 304
39 373
371 455
276 393
243 894
272 420
467 938
113 655
743 677
415 511
145 685
448 460
176 674
20 490
91 332
103 186
302 308
208 869
473 794
73 909
10 104
84 331
8 451
831 953
38 449
250 387
27 251
70 310
53 344
355 909
235 943
365 702
396 991
345 832
103 271
9 549
252 386
117 321
42 403
0 994
311 479
448 511
25 924
6 86
651 921
375 521
109 272
15 568
310 413
44 108
128 148
235 260
275 826
419 736
151 735
166 813
156 904
146 440
182 413
265 334
391 998
589 995
521 502
249 925
254 299
420 912
42 622
472 844
63 685
193 489
304 503
998 916
162 994
311 512
181 844
310 609
265 386
103 165
92 265
103 433
229 232
251 343
311 344
338 416
950 549
101 337
40 152
112 387
416 938
161 295
120 162
248 460
551 984
115 504
410 510
28 252
82 177
18 208
433 681
876 680
282 684
465 921
175 293
249 332
59 395
194 869
68 943
224 551
942 609
147 169
62 118
368 489
407 573
116 281
38 203
7 595
135 598
158 685
280 365
266 533
315 677
427 502
61 394
451 677
196 371
189 241
329 655
16 938
50 224
159 954
390 412
116 876
15 502
62 925
260 406
260 409
316 684
174 435
106 873
11 759
90 97
573 994
98 210
256 680
99 425
282 372
431 953
238 943
38 152
58 402
115 232
71 964
162 170
98 119
378 439
462 527
387 699
101 743
167 392
564 780
311 629
136 520
137 511
252 913
163 316
9 953
126 390
377 569
256 964
96 674
38 348
8 134
143 264
464 487
108 180
214 904
61 313
116 197
83 354
106 156
11 288
340 393
75 406
352 674
268 682
220 296
66 99
453 838
286 403
192 218
142 171
99 215
444 867
424 674
174 549
435 702
117 651
182 316
33 622
422 595
443 950
195 247
128 327
327 460
237 355
62 235
117 386
216 973
42 233
357 463
102 289
433 838
248 551
244 303
395 629
158 345
185 251
327 752
281 470
109 598
238 289
42 98
43 470
49 152
282 549
98 114
364 813
193 938
3 598
381 645
454 682
68 822
447 921
251 678
263 913
313 340
43 401
353 685
330 580
288 440
314 897
402 737
384 912
312 382
387 393
310 994
65 711
743 721
354 437
243 831
177 313
509 909
88 390
149 367
263 780
215 366
242 938
393 794
377 913
660 551
220 445
54 130
265 445
205 856
52 250
473 533
189 206
188 366
189 389
376 383
124 144
290 938
159 651
141 344
269 349
388 551
459 549
589 869
949 897
363 699
159 374
415 468
286 827
358 472
264 609
12 107
184 442
470 630
1 943
176 242
222 828
309 954
339 994
366 665
221 387
186 201
160 609
274 477
385 565
304 509
162 333
23 166
68 300
211 441
308 364
293 451
210 226
270 827
177 288
876 736
444 456
5 281
223 342
13 116
237 551
909 569
168 954
140 233
319 721
74 660
255 371
139 269
145 780
24 78
98 843
386 402
22 434
220 455
270 400
6 118
5 888
340 994
85 226
174 562
49 352
476 712
712 794
12 949
352 452
145 852
145 295
370 710
309 925
367 388
263 481
297 323
277 384
23 68
214 325
323 587
991 984
24 26
22 475
155 721
316 446
355 404
32 259
320 670
358 665
170 854
66 375
211 340
47 274
273 349
2 816
424 699
390 793
434 759
71 852
189 521
76 131
199 409
14 68
320 380
139 210
444 940
13 504
375 380
278 445
464 549
288 398
41 795
33 512
991 973
20 240
9 401
205 665
84 797
44 655
92 587
266 912
129 539
534 924
656 854
115 228
118 454
449 465
268 539
8 66
281 346
44 904
136 441
218 223
218 825
221 334
195 208
151 323
204 487
101 478
14 97
329 653
135 568
131 448
74 225
150 422
10 476
150 425
397 426
130 803
148 569
136 143
289 984
40 358
438 931
1 156
110 845
222 252
271 304
75 666
254 625
42 474
53 76
217 521
249 489
381 474
452 459
105 217
162 241
195 520
396 651
179 270
400 442
370 970
264 710
20 400
49 252
100 150
772 562
414 440
437 811
285 797
99 101
101 326
6 895
58 462
363 408
259 454
37 907
15 129
31 953
251 439
178 217
454 729
238 898
357 428
78 160
106 157
629 510
174 441
335 953
9 364
307 975
457 465
193 428
355 477
123 263
60 365
29 239
217 285
134 159
467 795
3 184
340 955
151 357
10 125
349 370
475 984
426 577
699 665
186 371
164 752
44 423
125 827
106 110
288 312
37 75
195 512
5 386
108 187
78 323
16 38
124 982
18 163
182 510
452 465
53 396
474 916
6 949
144 844
225 975
394 595
374 677
323 362
469 912
56 940
7 194
94 337
391 444
377 843
145 330
445 625
408 943
107 113
370 772
44 273
292 469
62 712
912 509
128 283
166 442
0 576
576 109
0 612
612 110
0 800
800 110
800 612
612 576
0 560
560 112
0 744
744 112
744 560
560 800
0 835
835 113
0 575
575 113
575 835
835 744
0 715
715 114
0 507
507 114
507 715
715 575
0 836
836 115
0 705
705 115
705 836
836 507
0 499
499 116
0 493
493 116
493 499
499 705
0 851
851 117
0 798
798 117
798 851
851 493
0 703
703 118
0 870
870 118
870 703
703 798
0 605
605 119
0 997
997 119
997 605
605 870
0 987
987 120
0 906
906 120
906 987
987 997
0 874
874 121
0 669
669 121
669 874
874 906
0 941
941 123
0 709
709 123
709 941
941 669
0 788
788 124
0 524
524 124
524 788
788 709
0 523
523 125
0 962
962 125
962 523
523 524
0 679
679 126
0 905
905 126
905 679
679 962
0 971
971 127
0 687
687 127
687 971
971 905
0 618
618 128
0 701
701 128
701 618
618 687
0 484
484 129
0 849
849 129
849 484
484 701
0 792
792 130
0 531
531 130
531 792
792 849
0 652
652 131
0 724
724 131
724 652
652 531
0 513
513 132
0 776
776 132
776 513
513 724
0 948
948 134
0 733
733 134
733 948
948 776
0 694
694 135
0 808
808 135
808 694
694 733
0 528
528 136
0 951
951 136
951 528
528 808
0 976
976 137
0 858
858 137
858 976
976 951
0 850
850 138
0 821
821 138
821 850
850 858
0 506
506 139
0 494
494 139
494 506
506 821
0 683
683 140
0 996
996 140
996 683
683 494
0 689
689 141
0 614
614 141
614 689
689 996
0 644
644 142
0 805
805 142
805 644
644 614
0 621
621 143
0 778
778 143
778 621
621 805
0 672
672 144
0 732
732 144
732 672
672 778
0 482
482 145
0 937
937 145
937 482
482 732
0 635
635 146
0 661
661 146
661 635
635 937
0 878
878 147
0 646
646 147
646 878
878 661
0 572
572 148
0 834
834 148
834 572
572 646
0 914
914 149
0 491
491 149
491 914
914 834
0 590
590 150
0 810
810 150
810 590
590 491
0 853
853 151
0 585
585 151
585 853
853 810
0 749
749 152
0 992
992 152
992 749
749 585
0 730
730 153
0 654
654 153
654 730
730 992
0 722
722 154
0 864
864 154
864 722
722 654
0 559
559 155
0 774
774 155
774 559
559 864
0 809
809 156
0 859
859 156
859 809
809 774
0 796
796 157
0 536
536 157
536 796
796 859
0 959
959 158
0 616
616 158
616 959
959 536
0 787
787 159
0 899
899 159
899 787
787 616
0 842
842 161
0 765
765 161
765 842
842 899
0 720
720 163
0 688
688 163
688 720
720 765
0 522
522 165
0 557
557 165
557 522
522 688
0 961
961 167
0 993
993 167
993 961
961 557
0 978
978 169
0 837
837 169
837 978
978 993
0 790
790 171
0 624
624 171
624 790
790 837
0 675
675 174
0 770
770 174
770 675
675 624
0 578
578 176
0 723
723 176
723 578
578 770
0 775
775 178
0 928
928 178
928 775
775 723
0 766
766 180
0 804
804 180
804 766
766 928
0 525
525 182
0 518
518 182
518 525
525 804
0 601
601 184
0 554
554 184
554 601
601 518
0 495
495 186
0 747
747 186
747 495
495 554
0 496
496 188
0 594
594 188
594 496
496 747
0 762
762 191
0 483
483 191
483 762
762 594
0 802
802 193
0 908
908 193
908 802
802 483
0 812
812 195
0 929
929 195
929 812
812 908
0 742
742 197
0 734
734 197
734 742
742 929
0 604
604 199
0 700
700 199
700 604
604 734
0 833
833 201
0 607
607 201
607 833
833 700
0 501
501 203
0 815
815 203
815 501
501 607
0 649
649 205
0 657
657 205
657 649
649 815
0 738
738 208
0 932
932 208
932 738
738 657
0 606
606 210
0 486
486 210
486 606
606 932
0 552
552 214
0 664
664 214
664 552
552 486
0 947
947 217
0 989
989 217
989 947
947 664
0 839
839 221
0 917
917 221
917 839
839 989
110 922
922 221
109 965
965 221
109 880
880 221
965 880
922 965
108 967
967 221
108 731
731 221
967 731
880 967
107 891
891 221
107 719
719 221
891 719
731 891
106 602
602 221
106 634
634 221
602 634
719 602
105 892
892 221
105 860
860 221
892 860
634 892
104 877
877 221
104 542
542 221
877 542
860 877
103 480
480 221
103 500
500 221
480 500
542 480
102 597
597 221
102 671
671 221
597 671
500 597
101 713
713 221
101 760
760 221
713 760
671 713
100 600
600 221
100 535
535 221
600 535
760 600
99 926
926 221
99 782
782 221
926 782
535 926
98 745
745 221
98 686
686 221
745 686
782 745
97 779
779 221
97 968
968 221
779 968
686 779
96 799
799 221
96 739
739 221
799 739
968 799
95 588
588 221
95 517
517 221
588 517
739 588
94 963
963 221
94 727
727 221
963 727
517 963
92 933
933 221
92 801
801 221
933 801
727 933
91 807
807 221
91 558
558 221
807 558
801 807
90 750
750 221
90 631
631 221
750 631
558 750
89 756
756 221
89 570
570 221
756 570
631 756
88 930
930 221
88 544
544 221
930 544
570 930
86 857
857 221
86 519
519 221
857 519
544 857
85 532
532 221
85 620
620 221
532 620
519 532
84 716
716 221
84 530
530 221
716 530
620 716
83 548
548 221
83 626
626 221
548 626
530 548
82 623
623 221
82 871
871 221
623 871
626 623
81 861
861 221
81 934
934 221
861 934
871 861
80 983
983 221
80 952
952 221
983 952
934 983
79 640
640 221
79 817
817 221
640 817
952 640
78 667
667 221
78 980
980 221
667 980
817 667
76 758
758 221
76 691
691 221
758 691
980 758
75 485
485 221
75 875
875 221
485 875
691 485
74 514
514 221
74 958
958 221
514 958
875 514
73 726
726 221
73 488
488 221
726 488
958 726
72 935
935 221
72 771
771 221
935 771
488 935
71 886
886 221
71 584
584 221
886 584
771 886
70 663
663 221
70 658
658 221
663 658
584 663
69 740
740 221
69 920
920 221
740 920
658 740
68 911
911 221
68 543
543 221
911 543
920 911
67 668
668 221
67 639
639 221
668 639
543 668
66 783
783 221
66 781
781 221
783 781
639 783
65 611
611 221
65 969
969 221
611 969
781 611
63 848
848 221
63 966
966 221
848 966
969 848
62 777
777 221
62 814
814 221
777 814
966 777
61 545
545 221
61 764
764 221
545 764
814 545
59 889
889 221
59 567
567 221
889 567
764 889
57 610
610 221
57 704
704 221
610 704
567 610
54 553
553 221
54 538
538 221
553 538
704 553
52 884
884 221
52 541
541 221
884 541
538 884
49 746
746 221
49 902
902 221
746 902
541 746
47 985
985 221
47 990
990 221
985 990
902 985
44 608
608 221
44 786
786 221
608 786
990 608
42 988
988 221
42 866
866 221
988 866
786 988
40 903
903 221
40 960
960 221
903 960
866 903
38 840
840 221
38 936
936 221
840 936
960 840
35 563
563 221
35 540
540 221
563 540
936 563
32 855
855 221
32 633
633 221
855 633
540 855
30 515
515 221
30 919
919 221
515 919
633 515
28 901
901 221
28 579
579 221
901 579
919 901
26 910
910 221
26 591
591 221
910 591
579 910
24 881
881 221
24 615
615 221
881 615
591 881
22 977
977 221
22 707
707 221
977 707
615 977
20 882
882 221
20 692
692 221
882 692
707 882
18 725
725 221
18 643
643 221
725 643
692 725
16 642
642 221
16 927
927 221
642 927
643 642
14 537
537 221
14 550
550 221
537 550
927 537
12 862
862 221
12 632
632 221
862 632
550 862
10 868
868 221
10 561
561 221
868 561
632 868
8 516
516 221
8 571
571 221
516 571
561 516
6 627
627 221
6 763
763 221
627 763
571 627
3 819
819 221
3 659
659 221
819 659
763 819
0 662
662 221
0 650
650 221
662 650
659 662
650 917
