30000 7307 1000
11852 21190
15367 4954
20585 7987
13914 5930
2524 1335
20303 16427
28444 24486
9227 8786
13245 6881
17707 20334
24800 3459
8822 5146
7191 17528
28209 11330
10025 16302
12437 23092
9616 13058
8838 24413
16382 24156
174 6105
3513 27618
1581 17195
7417 16907
10232 8488
3278 14310
23953 28960
26175 6112
17970 7081
8270 16617
18974 1956
2453 13263
20365 4516
27884 3420
16740 11622
2281 5388
6302 19411
29958 7122
14451 29912
11189 25995
12432 19026
16758 27413
16333 18764
24358 7580
5743 20749
29046 19609
22293 5688
7370 16192
16750 17140
15853 2224
27519 15067
12872 12393
16007 17106
13011 15796
10761 2925
7441 7445
23741 16097
22845 29807
13677 15754
21788 70
15467 9738
20329 8196
2180 13633
6818 17353
17869 23737
20565 13982
10370 23661
24363 10624
4891 2889
1608 3880
3371 27536
14159 14054
8184 28736
4280 4207
417 3333
16092 13807
21049 21075
9769 22571
19292 20406
8279 16762
4687 5135
22962 14714
23058 27332
2642 15887
29288 135
9399 9547
21662 24068
2112 21272
27534 12791
2548 21941
9970 5764
14635 10525
1240 20599
227 13219
5801 26222
14423 3586
9320 13538
11199 18576
22314 24573
23719 28362
12938 15689
23101 12372
11066 27980
5917 20004
20464 22481
27483 18391
18152 16090
25806 28041
29508 21803
16645 28739
7331 7823
16329 13284
2457 11541
12090 8946
16534 15931
17323 22602
2797 22479
18304 14540
12136 6474
20661 14417
7220 24054
25653 29172
18386 26468
11965 14790
8336 26735
3377 8707
21778 9642
17341 1095
20337 9127
25351 29895
28776 17372
25965 24415
1841 3598
10359 6536
25161 27342
5841 730
26563 15733
2542 2330
24113 17355
6933 6523
21573 27447
19238 4645
650 18143
13499 4695
6472 181
4057 1094
8939 25527
25991 4488
4432 12460
25220 4441
12328 11615
3034 29823
20834 21836
28810 28505
29935 3637
8835 15734
9239 9819
16754 8186
28702 4080
1624 23277
15493 9347
8817 6131
22135 6928
13391 7113
8914 13804
28936 5232
7576 5119
5935 11778
5247 26696
7772 10518
6090 13880
16446 29406
291 18489
5254 25828
23536 3902
14919 4228
6138 7636
14976 18734
27150 7826
11045 7181
295 1977
27173 26477
14924 28055
10448 11438
15222 5704
7632 20303
2298 26705
9438 18135
20250 1354
22087 20849
13678 10440
2663 6146
9453 13691
22211 20094
26847 5368
21125 23592
18034 16841
7571 1074
242 21599
27313 6046
28005 19927
6777 23811
2417 27472
19466 23645
24731 25195
7981 22249
23445 552
6558 4543
13705 28360
13903 8047
3240 10613
8918 21352
18433 1319
23025 4285
18655 23586
11114 13565
1229 24777
20173 3369
3329 9096
21611 7831
17181 21859
20634 22431
9956 26951
16536 9571
17135 18737
26946 10829
4964 27967
25433 10615
10162 27104
4712 20269
7062 9790
151 20504
15554 16143
16126 13604
11667 1210
13677 28279
946 10127
13086 14110
12670 28905
22424 19851
24423 76
19532 24042
9799 10961
16705 3081
10486 23202
8525 10686
7431 9681
26271 13245
25344 1375
7070 12399
20895 22925
9130 12635
8384 28789
27378 20607
19820 26748
26357 29007
9419 11850
11222 10060
26488 10754
18435 1660
22068 19317
12471 3010
27724 26957
24131 16640
11068 24766
21877 25518
19308 15585
18889 12367
7362 18270
5811 25778
9184 10825
5947 21870
5452 24912
14281 13414
22855 6361
3310 25723
12823 2074
24467 5774
17022 2189
7614 20536
22309 5634
5292 27786
16269 13095
12704 13217
14085 29648
27252 10055
26602 26284
10069 7154
29161 2088
29813 6285
2270 24436
22111 22767
2055 23265
27426 7557
3125 7449
18109 11802
17585 28264
28300 20992
17982 6600
2265 14248
27679 8986
12407 27523
10720 25743
10214 28495
23645 653
27317 2170
27948 29436
1263 18528
16233 10508
426 20530
28925 7973
27342 24155
23368 7529
5480 10559
2017 9650
18453 3361
13248 22962
24580 7352
18323 9084
21036 3910
2250 23590
15865 22639
531 17397
17552 2767
24487 22521
4781 10291
9067 12066
2528 2691
20944 15006
14658 23460
8901 5113
18547 7067
17212 7662
7968 28532
29891 12958
7810 11098
11339 19746
5970 26737
24537 1128
13967 28650
4808 7000
14237 21234
9301 7795
16128 27279
18910 815
20457 12765
1811 29160
5697 18241
21869 17698
8259 5512
22493 14321
23532 9714
29637 19876
25168 2837
4124 23498
20570 2517
24203 28999
22999 5660
25103 10620
19776 16581
2917 9162
21548 995
26208 18607
2657 17904
1355 27722
1988 27841
11763 27640
5230 21082
27244 28276
1159 12163
17635 29372
23302 1763
18855 6954
11133 691
991 27530
26556 10086
25075 5151
59 2829
3177 19544
9660 5634
22977 5899
8979 6457
15564 6169
24069 11280
20312 13546
10278 28437
19067 24204
20375 24633
18187 18756
796 13720
22037 14135
10295 11472
12178 29886
24378 5680
9565 21439
26508 3690
4899 25041
11059 7392
8227 2759
19074 4160
22192 23295
24179 1999
23781 28788
18195 15821
23124 9095
12421 5052
22422 11872
21255 21965
14611 3746
4716 4033
13398 10803
840 24202
19279 10766
12337 10955
26536 27768
25135 16075
21015 13502
3903 16738
20695 20671
424 7820
21425 13750
15837 28058
12837 12079
14955 22176
7871 6689
3713 5755
13917 29521
4660 17946
9079 25613
20831 7862
23828 28503
19343 1546
1066 9314
10828 9055
91 27226
2081 28350
21169 11630
16336 14587
25857 18898
11343 1008
3869 12301
13177 24969
23388 18001
15031 25949
3506 14453
17937 13567
7026 19880
24396 20
1002 15992
23685 5969
446 21005
12135 23488
4202 16974
18872 28205
8652 11518
1117 15833
8783 8772
8411 27668
4520 19840
26801 27070
14022 34
26276 24714
19633 20547
13302 11100
1056 23727
21165 15828
12629 8494
19477 3623
24322 14586
12075 12559
28519 12981
7069 1143
29097 27881
14581 16885
29122 18737
23798 15215
5336 17344
6496 19481
15356 8799
3040 12596
18784 13531
23962 21841
23637 19997
6829 23585
16202 25800
17015 19005
8117 18489
26123 17605
3180 6146
24767 2244
18572 6285
21200 3234
22468 10684
477 13765
24717 2495
7131 26776
5770 21205
17489 4209
21517 27375
9768 23755
12904 5761
3953 7502
20323 18329
8029 12700
2521 19727
24919 6988
8438 18041
19699 9861
24919 6
6515 11988
23881 13003
23484 3880
19646 9833
944 11611
691 1375
15180 4196
15737 11282
2818 2702
23459 12710
7146 23025
28856 9722
28039 27104
2888 15299
1521 891
5530 18065
4462 16231
793 15169
15990 24828
22886 17966
14168 6359
23321 3803
12307 17734
5466 12360
2913 534
2212 6855
225 6824
26963 18996
20754 3083
17935 6819
23222 2880
4010 24442
4651 2278
564 16266
7030 27585
13926 16199
2493 724
8042 16058
5038 26142
21845 7077
14120 21165
7890 29927
17728 1490
253 16342
5013 19973
13574 23671
26271 20372
20832 23148
19674 4195
5195 11332
20633 4743
25938 16162
18041 23762
10632 2117
17681 11178
20208 18494
29560 19128
3841 13797
19907 25347
21021 21009
25712 17045
19321 6467
29784 24078
8491 11436
22431 22247
10004 3059
15012 15175
3409 5401
7875 9116
5796 16403
16126 12431
16513 9873
18393 7683
16925 5207
9430 20627
2514 25708
9809 14783
19575 3631
1115 27383
22164 24564
5598 20964
21953 14001
19429 245
3275 13438
10937 651
18383 24867
11931 10352
29512 17039
12232 2483
555 8324
16803 15088
21503 2563
12407 8466
26692 8477
16803 9213
17671 13666
5450 4229
27544 19463
16960 27448
22480 8231
28509 2295
1493 10625
25995 14375
26589 21465
4656 21218
5824 9606
29606 13564
6512 12250
4433 2051
18899 871
15802 2944
26460 22962
4809 11292
8603 3482
1206 5630
12804 4690
20764 3551
17603 14380
947 22754
540 5491
13423 8958
17686 7668
13008 14186
5972 19919
11086 22231
2962 28344
11178 2548
22860 4355
6683 599
20209 1634
25176 28403
9559 14384
20613 3528
26064 23580
20896 20047
22558 23256
19691 3735
4655 22644
5380 4003
15270 20976
1162 18370
5212 18399
10498 22348
23069 24467
6100 22540
8889 14944
11045 14470
4648 12286
13071 28323
24062 7949
3314 20107
29280 21031
17656 12568
5421 20873
28187 2951
17468 18597
23210 10018
5342 23808
14883 4293
10448 20706
22107 7812
3023 25239
29006 24448
2372 11469
10764 20155
11524 8413
17960 25751
17898 13403
6957 28246
21116 25747
4856 29799
5567 10812
10984 15617
13492 5384
3860 24033
10013 23185
8782 19580
28332 12494
27808 15980
1993 18773
24599 19486
19516 27458
9299 13356
28047 13285
16372 3054
4952 13772
29127 16171
13298 11236
17200 22533
2670 1779
6135 13517
27534 13038
27899 22042
10710 1679
13378 582
24533 23772
24534 23718
19840 25030
6115 16971
8705 22028
27615 22250
28685 13630
7421 16863
26862 2529
96 20658
19259 27340
29889 17589
13121 10115
15589 11870
10927 29562
26912 21045
4289 23545
29395 1222
23690 5317
14086 23124
18300 24369
20811 25338
21020 19965
295 13888
18858 11073
20082 22027
12863 23776
2874 17527
22802 14489
47 15093
20113 11042
13553 19703
5806 28557
7633 6529
8274 14893
12806 19683
23492 27319
19048 1108
28524 25365
28016 12051
18448 1867
10490 4442
22428 1341
21239 13219
13016 4487
22798 26100
8209 26353
1690 25597
10198 12979
17844 27422
13149 4251
17351 25945
29477 27420
18257 622
18577 28622
5574 1630
11218 12013
7680 4383
25011 25362
20321 27677
9463 4440
17920 18388
11502 23775
15523 733
24115 23633
11390 10343
26550 15476
975 9029
2826 10639
18707 2426
10162 17147
7580 12644
25991 8523
20178 27926
22204 20585
14305 26193
17252 28836
233 26001
1262 18399
26954 28920
11804 27175
12581 16666
2117 8919
1213 14523
17039 3483
28893 19390
26938 18348
8154 14855
5428 29601
9377 23089
21255 8351
12868 2154
16521 4236
5374 9806
27099 20357
13202 19626
20091 9926
12509 7688
7580 28009
10621 15822
15767 5550
4955 7614
27906 12078
26828 22209
29777 2400
12548 15980
17077 8296
12499 4373
11473 3116
5029 3397
28559 26902
4111 5474
22987 19765
29396 13217
13075 17113
7 20886
683 11256
5372 14415
25167 18958
9250 24124
22633 20072
3311 12578
27610 18939
21106 24790
3043 15482
9574 19019
25083 29235
19278 28584
895 21354
11994 8789
24023 14993
23840 22708
21094 20473
14953 4027
28808 14323
4570 15777
20052 22307
8835 24817
6497 1653
10631 16047
3477 4826
18597 6359
18226 3904
19803 6476
8204 9543
12836 2440
25385 14625
13123 21689
15701 26287
14405 13729
19050 2155
5993 5396
6770 4684
12984 17347
28220 20185
29328 1911
14224 6541
18996 19453
27868 258
10642 14800
28236 11766
15629 14602
620 7263
23271 2838
29261 15781
21500 8626
24721 28691
12072 18902
16904 9709
26650 2286
25735 14308
1041 29147
7474 25936
12568 481
25743 2367
18044 13711
4256 15687
20488 18261
9282 3927
2682 21692
29675 6554
25293 2906
22021 29688
6123 26008
5888 17468
13999 8760
8227 20122
10589 20869
7533 9118
5077 22454
28452 20024
21420 2282
27631 9220
27003 5839
25345 24627
4573 21273
22761 429
28159 9178
9292 1755
29428 23676
27796 17268
10489 3222
19523 7297
15031 28460
4022 6203
18162 20500
850 14066
21237 9673
14290 4235
16632 29829
25464 27987
11824 9572
23306 5607
20180 489
23988 2527
14187 22248
691 2208
29019 24835
11701 23670
21133 9706
10000 23518
10253 24051
4553 3853
15828 12314
23166 1123
29360 15764
23295 11265
10486 18225
5416 29001
9790 11095
21204 8176
20233 2035
14057 24202
1247 19606
11692 9300
24532 23100
24289 2606
25952 9790
19250 4899
5252 13920
12911 4705
7943 11006
4872 5942
15407 20157
25258 29084
22783 15902
11282 7361
16794 4235
19833 13233
2454 10538
24963 28954
4450 20239
10926 29576
465 28534
26393 29319
20157 19681
2988 7052
12976 2892
5531 25710
3916 25130
13281 8628
2522 29387
17126 27816
19525 15915
27113 16352
20168 12155
12240 7719
17342 12469
3926 11176
11840 12080
9517 17867
20175 758
21304 26054
27416 14372
15142 3945
19174 23080
24194 13791
8666 25150
21254 9248
10008 12297
8524 2047
17019 9729
13067 22088
15395 20620
15959 20141
6508 6871
15852 11203
26016 22726
14531 25283
9462 15236
6004 2560
16005 4046
25141 14720
8762 8507
3949 29369
15669 17202
17225 8421
12004 4534
17615 2677
14852 9688
26648 24000
24786 6468
2646 744
4399 1523
9816 25192
5914 27159
27296 21299
4206 28923
27213 10987
29221 26286
22054 17591
13538 5230
29399 9690
22163 6166
27211 5240
4592 18651
15127 11558
570 5345
22 21167
11381 7547
7906 17682
9302 27389
3917 9865
24970 15288
12681 15782
25800 1022
24293 13898
13243 17297
2605 2166
17713 29514
301 26147
24629 28880
23950 14686
25741 21944
18609 26400
16712 24054
28746 17741
24637 12825
12189 8816
23307 16529
28315 15873
3678 29178
16307 690
19386 2583
221 13856
25796 20683
2536 9978
9025 28335
9504 2872
9890 28574
4735 1340
18035 20971
2477 12489
19810 23009
21805 458
19215 13484
8008 8832
9098 20253
18619 22490
10454 19869
18432 17147
28688 5869
23812 13265
7050 3701
18061 11274
16325 11080
23485 23429
27097 1539
16549 628
4066 3013
29422 23237
4810 28422
11064 4474
10635 7747
6515 6376
1629 22461
25474 5760
20007 20121
26871 16129
6402 2919
10821 4700
9634 29988
20337 28947
2679 28033
10691 21358
7107 5485
9458 17951
15816 212
24187 6814
7605 4724
10045 26293
17177 25341
25218 10781
2821 397
22528 12422
15658 11264
440 17734
29225 4004
21507 22512
3229 21425
12065 27298
8450 24227
10050 24025
16242 29927
1930 14988
18056 9666
3743 29358
13563 26687
8562 25568
8923 9675
17217 2783
22068 17049
1967 7472
16336 28044
26157 1201
22908 20574
20128 28254
14959 6289
25122 24728
21685 20506
25027 19158
19368 11527
13313 17339
19185 11306
5957 3334
12991 21325
9774 14479
18760 13717
19036 14727
455 29174
28675 13336
29902 962
12709 26199
6103 18654
829 1336
25035 22696
24943 23206
14849 14177
29873 5624
12500 3591
28680 23874
11627 14486
22973 27334
4431 23889
14573 24148
20752 6482
7385 15017
6841 14450
12850 16256
28307 9024
18555 17772
8208 2614
9746 9172
10083 28388
25115 20534
15429 6403
6923 15819
8943 21961
14956 723
28037 21311
18247 16198
9203 2329
16924 25708
847 11783
5136 19641
6622 8024
14652 28157
23786 22093
20757 2453
11949 23904
16190 27034
3952 5780
19749 14163
24131 11266
10284 15941
8575 11170
26943 25951
19764 5645
3689 28468
12971 22327
23865 5932
26474 4770
15500 6029
22953 10917
28932 15033
7734 17547
8477 4251
210 8676
18094 22579
24304 24337
53 22273
171 27132
4453 14132
28639 20524
4878 15639
21494 367
5648 11531
24044 24845
8292 23594
19779 22424
8947 11058
23454 17515
17570 12277
19753 16413
23459 17246
22380 4057
27715 22496
27711 11656
172 2844
15893 19366
349 24506
14972 26012
10117 22543
5205 18789
9187 16900
1848 25546
18950 25108
3254 15729
29770 14473
24947 24330
1243 3456
12329 11940
17325 14545
28491 13612
7114 7551
5665 13927
23824 23795
18167 7001
29275 12510
19112 8724
25613 18886
8992 17367
7853 1319
10195 25209
26728 13091
7546 13017
11783 17975
3534 22214
18921 14542
13471 9492
5828 4197
17737 6560
6781 20122
7543 25754
4395 6314
8667 28622
13067 25319
27906 6132
15379 26653
20966 24580
28298 1170
9942 17624
16810 12432
24188 17214
26430 12518
9445 6405
28617 20463
16901 14811
4725 14055
12326 20029
25959 27568
10244 19899
3534 22469
25996 8749
23099 11161
14954 19920
23195 28275
4863 1288
25255 5506
26844 13245
13815 6624
286 22986
6747 5585
24643 685
25925 21346
28542 5260
24662 5070
10925 16169
9946 5812
26539 21258
13077 21730
4560 3832
10557 27236
6543 24267
1221 11044
15816 15178
17096 19067
26194 7973
5393 29894
14558 4363
26835 11808
14045 26811
18851 17708
15822 23401
10747 15568
3103 10600
4406 11315
115 27541
9176 19785
6294 18890
10690 17335
13468 17335
16497 10310
9698 24920
27720 12256
5915 14576
28508 27372
23137 6639
670 6173
21458 7061
670 2650
7593 4113
19697 28281
2002 8951
12117 14148
21973 22723
1932 20068
804 27195
22375 20515
9507 27831
9453 24314
4783 25756
16649 5096
27916 1230
8085 12994
2440 23697
12396 12462
7681 5846
10419 24434
10305 29823
14940 302
11614 9483
9223 23625
19284 28446
9065 9610
20107 15314
3816 11458
13755 12019
12475 2061
8124 3786
9026 18007
4969 8713
1036 20878
1095 4470
21792 27492
1733 25699
16605 29074
29505 26133
5891 8475
6713 9817
27783 14757
12612 24629
22755 25993
10258 1674
17205 27793
9505 242
17375 18349
16692 22526
15272 5589
26434 9042
5609 13800
24430 25946
16542 11957
20300 25000
1525 5944
2912 23650
18518 8162
13364 2526
1803 6705
3904 28399
18151 3632
3343 21825
7358 19604
29220 6699
2647 28439
8061 1055
1432 6964
29622 19301
13144 13289
2042 4842
236 27237
7818 19469
9894 25195
10559 11867
22675 9823
9231 26675
14767 13517
23870 19137
24150 7226
6209 5262
16855 24929
16594 19158
5638 4746
13080 6208
26464 5686
9867 27136
5596 22056
24446 7066
15083 830
4363 28255
11721 20354
28664 5762
29044 4828
29933 18412
1674 25209
27845 26542
7614 16830
19119 2135
20133 24437
11323 22669
16617 12374
23492 3382
20616 16321
14194 11305
21016 10693
17450 19605
9082 3159
10865 20685
10007 29363
26558 12164
25139 24000
12421 16139
9069 4705
179 22999
23885 13742
15057 7893
26691 23939
8726 9878
26349 2615
23855 28627
1648 2467
23926 3947
28555 14062
8971 7910
22950 20451
13581 4564
27920 4533
22649 20117
29811 14674
12605 6498
14954 21793
11389 15851
17147 18093
29675 21506
6432 20698
5337 19572
2206 8770
8213 12697
22376 14596
3735 22342
4282 18604
23962 5834
19429 19624
5381 8345
10042 1458
13300 7654
16911 6126
28172 14026
21623 6152
15543 11382
22738 16406
11868 3787
17346 19241
21396 20036
24850 28001
20644 2961
18499 12805
20463 26242
24507 8262
15598 23624
20178 2676
109 18549
27473 3509
23690 27023
6169 1009
10866 6867
13250 29761
11738 11271
24137 13322
12813 11980
6960 250
14187 17148
17697 36
5008 9457
26389 20796
27197 14761
18005 13415
5505 21921
4608 1420
1755 14782
5070 14424
4252 29607
15489 12201
16123 23598
3381 2341
17936 23123
2800 27830
945 5581
19562 849
7591 1990
14717 1381
29390 26969
2126 626
19493 19908
28690 18205
15330 3240
305 2132
4695 11720
16202 15580
11251 8219
3904 14180
1779 948
27343 3857
2319 96
22766 17789
14485 19067
16001 27883
16391 12847
19735 29851
26640 505
12349 29455
17253 17325
6698 16944
11325 27225
18227 8502
14193 607
15015 13580
17129 9223
18922 7913
24778 15411
10732 28196
26345 21473
19479 16998
18266 2064
1789 19270
25803 11263
14356 14715
6573 28826
19588 10928
28008 26674
15839 25403
13820 8307
9890 17686
28189 18008
3964 16443
17097 19565
5908 23979
22421 29901
28883 22552
28418 13011
28194 21237
6399 14120
21699 14944
26577 22371
10997 18649
23279 29994
19259 25075
19574 19643
15277 9926
6253 13957
370 2550
4036 2086
3667 13833
641 6243
29798 14633
24928 13220
25087 3901
19005 14972
5962 28569
5523 20268
27067 7159
18234 9109
24663 4949
26599 18260
28545 24584
19234 5241
26467 13628
16719 26835
23024 10024
18817 28684
27258 8183
11903 6315
28164 27974
16878 14814
10172 10434
27819 1546
10327 5577
22893 2410
29956 3873
20078 25405
26430 29052
19502 9168
2192 20830
17694 5408
12564 10849
4384 29651
27977 3799
1446 21114
13943 16732
8995 10235
4555 8612
29164 29628
17071 930
14106 9374
22145 24867
2968 29730
25690 2941
8052 2077
22000 19618
9878 10480
2559 5482
24235 23197
8502 2671
23708 18760
12717 20487
9364 29639
22668 1184
11133 16101
28178 12762
1374 17843
13868 12259
17743 8693
15838 19569
12676 14778
12268 29793
11619 11367
15678 3717
4124 929
11445 27496
831 1171
14088 16164
1266 25333
121 10296
13350 8545
26209 26009
16821 27376
19402 796
29901 27349
15180 12115
24554 6973
9394 551
15652 5825
29916 17777
19230 14830
29189 954
26683 11606
10905 3686
15450 8788
13036 29483
1212 18989
71 16656
5601 4430
24513 26806
4727 3856
3370 8601
25655 9830
254 21157
26704 20274
13855 7174
29033 9755
19299 28515
13992 1837
19686 18763
13050 19900
11343 15168
8146 911
7440 1667
3555 7116
27421 13976
28325 6044
24745 20017
16071 26392
21309 7054
8371 29945
12110 9835
9488 6146
12293 22505
14448 14579
2218 4435
11071 7643
4724 14249
11 26530
24606 11873
21938 12325
15280 3397
2619 25545
2273 16130
28547 14662
4097 15556
9863 23892
7760 3956
14770 28192
1340 4566
4742 11513
14181 25103
8469 1987
12891 18603
25284 9870
14991 28218
16649 15680
6939 16153
877 16989
296 2074
11956 6984
6762 22649
2743 19655
18044 13593
8598 7980
7202 7939
16671 24070
26856 14353
9379 793
27784 6641
2867 5862
4308 8244
6312 28701
8631 13210
29409 26474
18725 3468
1933 5056
16199 29114
8066 3136
12700 28535
3029 1755
10140 20312
5377 26440
11962 2263
1830 6212
14118 10389
24582 790
21978 2369
1989 13000
5606 20091
11238 22764
13597 5356
340 4920
18022 17084
14 21119
674 9334
27212 12108
5878 17621
10172 23379
17596 29298
27592 26974
2086 14929
23392 23156
7036 26418
20511 18828
8798 10333
28120 10289
11630 27168
2474 16598
11776 14808
8405 21287
2037 17792
11818 15112
29023 4191
11491 20499
24852 20528
25570 5926
28707 18442
11160 27913
14123 29650
20948 11348
14661 17117
27743 28543
2843 2270
15724 23947
22981 1732
8320 25739
7691 10980
28645 7435
4200 4827
29984 23563
14583 10017
7397 25398
22846 1666
1138 11972
19420 5139
29908 23389
6319 27847
4166 29966
2063 14088
2643 1489
23874 19704
12781 25286
4948 17675
27714 4055
19873 16345
21988 14590
14887 21302
28882 9445
3398 16605
15056 23115
23927 9158
4251 24909
15951 19367
654 1942
14668 9345
24598 11704
15625 13817
3085 23638
22469 13065
5892 6179
27160 19401
8898 2783
29861 25154
2733 8295
12893 17706
1114 8017
28272 5974
17225 14929
3642 15907
17777 18821
10425 19513
29531 17331
19834 8101
3653 29790
27783 24997
21930 964
14483 13643
16283 25234
19748 3895
10508 5148
8681 10593
15333 24520
21767 20871
29418 1696
21800 10303
24395 20574
11188 7783
26064 12399
24361 22661
17622 8465
19904 2197
4151 592
14748 10075
21645 11280
26086 6794
24925 3186
15337 23780
16809 9807
11627 29880
15924 25762
16835 27963
18318 2708
8068 23332
380 16128
1241 2695
15812 12598
20648 13530
27288 2961
1450 3053
18052 11755
28781 28281
22202 8376
16216 22796
15636 806
14415 10034
11477 970
28016 25534
11414 117
23452 3802
12313 1353
23575 26678
22025 28617
18892 16549
6550 12172
19859 15904
10827 13553
29856 23738
22095 16093
14856 13323
11423 21116
11528 23739
14037 452
17604 24449
19740 22117
9747 816
26999 4556
13327 16591
14941 12018
18535 1719
12231 20941
10849 28491
25585 29363
11356 18103
19795 28748
2920 26967
8004 26430
17162 19462
28243 162
4902 29076
21968 8133
26761 18332
6240 8878
12172 1786
17895 9785
3295 14410
18776 25731
7878 26640
18476 2980
8418 19763
16221 13067
24759 20633
6441 11003
7490 28928
5279 9809
10681 4969
13779 28060
21152 6569
19487 738
25396 14906
2347 25255
18762 21181
14813 16811
14300 20227
11344 19601
22048 55
21894 17572
26301 19298
3893 29982
1201 35
14446 23617
13898 6042
23384 26623
26030 21448
3124 19194
29484 9311
1680 6567
16600 26104
18908 15735
27849 7443
23154 1937
13171 9115
29608 12752
4896 12750
23192 27916
28287 3429
11120 24311
455 7269
12240 4388
15022 22230
10827 6239
27770 17269
28837 9794
3833 12389
21133 4372
6757 16550
5897 17353
21832 24189
27310 4255
14920 8388
632 22602
16087 28136
13879 8914
25372 25476
4620 11642
28051 29255
697 24999
25979 15882
14768 28584
26726 15881
23035 2017
14209 9106
27822 1609
19594 27892
6898 26247
29803 24957
10966 13827
411 24534
8060 7206
24512 2269
23304 21324
14762 28954
19710 2146
10507 21959
26858 21055
24955 20645
1886 721
9542 29420
28418 16058
14535 24200
21090 28422
10466 18077
16403 29016
20593 24828
6222 14528
4063 25888
17463 22035
19200 27911
2013 25492
3275 26474
4009 4554
1469 15335
8474 26856
8159 21026
19181 13055
17902 12304
3770 29280
5623 19630
26725 20541
17583 2684
28766 4309
19572 4600
8018 20239
27160 1163
12864 8494
20743 16520
24791 29234
11409 3929
22718 23533
203 28663
11152 18919
16087 16219
3215 7253
29829 20388
17124 18376
15218 25900
8737 4300
1712 13040
1319 6589
15123 29077
7510 3894
16156 14265
25223 12943
25327 29777
12359 19649
7110 3834
11192 11936
21262 11446
4436 12163
12285 27569
7125 6861
27575 27391
25086 23091
21129 2531
21756 28625
14776 20438
23276 12419
17198 18137
4028 25873
5192 26784
16130 28895
22103 29440
24274 820
2486 25999
16928 8128
21416 19096
6805 5846
6268 5538
9739 27392
20396 9148
22903 16945
6730 25777
12212 29415
25669 2277
27147 14575
26859 11640
10992 17805
10020 24895
6795 27492
6392 28417
4987 13786
13358 25751
10853 6645
9456 22703
7505 24553
25586 23924
15630 21255
26489 19011
26828 7517
5889 21801
20572 2079
19423 8671
18973 24944
12027 21276
29703 25096
25501 22163
12281 27687
28061 28816
5322 22426
16343 27960
10541 17540
14125 22446
19117 16781
15905 19195
6874 20870
10671 816
14428 2937
15827 8465
8255 27588
17463 21770
20175 6296
24160 12517
9916 19957
12941 4345
9467 4689
29397 23153
1039 22361
8918 21844
8628 1051
4779 24906
19151 11671
11535 19167
919 23226
3318 20275
23888 16752
9616 8588
2507 21530
22554 16017
14824 13643
20334 12018
8004 23896
25026 28187
22232 6928
7414 7062
12224 2644
22518 185
2055 5051
24894 5121
6389 24753
4247 4770
24228 3292
5259 26369
16883 2310
21742 26485
14145 26809
1904 21871
23029 16682
25340 3401
3716 3127
14599 28660
29243 20841
22100 1551
8659 29899
9952 20038
27476 28184
4616 21641
16984 7376
25277 21345
18222 26178
8342 781
3050 28163
17531 420
19939 325
1625 27125
13962 4305
25708 27590
2267 23355
8157 20639
12132 15174
25325 17844
460 3777
26687 29347
17780 3394
26003 7816
21738 3447
16835 4871
17804 132
13336 15769
2367 24316
14295 2450
16307 22797
15832 1788
1780 5383
18719 16373
15789 8011
16427 11772
18199 2559
23664 6728
2533 3862
26453 2343
27375 18540
7265 4334
10341 2526
8265 24351
15002 22519
18168 11058
25105 8839
3543 15893
29838 8832
1805 808
16990 14426
29676 26981
25264 5586
14009 5580
11507 19904
15755 27744
23331 9852
11810 699
9045 22203
8648 9953
14075 11388
23455 20089
15585 2705
14978 12509
3569 6105
17793 6648
12263 2096
16009 28343
27911 2430
23152 19466
20499 28973
29546 13691
9104 12501
5476 22054
7691 14584
13381 24065
7410 2679
18188 18173
28181 5279
11751 19237
13220 4959
18998 4397
10309 8924
1689 6177
3926 21279
1673 2507
23961 1872
8164 12323
28958 26365
9218 937
15855 7486
18863 12489
2673 24118
5769 12690
3001 17827
11680 23311
18465 18320
22898 10370
25103 24017
7306 26685
1762 10137
2200 11489
635 24120
27181 21260
16307 18364
29104 17140
4392 13886
27487 2977
26823 19869
7339 21593
4778 4405
3089 5027
21764 11456
17949 6835
11263 17011
28787 16287
29170 14304
7133 22426
18047 5969
12101 3959
28448 19056
849 2525
20390 16843
19887 7205
12358 14151
11956 2402
8638 28569
26217 1082
9036 1633
12471 18961
4741 8793
21178 16913
3970 25047
8283 6059
4523 14605
26243 25048
23693 10117
10631 5969
7677 372
24378 24300
21427 19059
29266 16657
2057 7288
24413 714
9495 9165
25828 13531
10472 4762
15405 3357
24885 25604
19870 29870
3093 14703
4068 15226
27584 26042
3741 6259
15523 22526
24674 24643
4115 8193
5971 26633
14026 5488
11342 11247
19539 15227
21156 3038
22594 20060
2327 7596
8420 12379
16259 9600
7530 14687
29512 3407
6045 26035
29721 19480
20830 7196
22771 27029
22875 5460
28181 22507
6134 19060
2358 15215
4289 584
1900 20656
24432 71
11189 25273
24350 14788
14769 6217
11710 12185
16297 21497
14205 15594
23185 21483
18231 25532
26865 25831
3447 18070
12986 2623
8218 2126
22300 21780
20945 17978
16839 17537
5775 17577
9307 20064
24995 2655
11679 12822
17476 29249
1104 25396
3391 20659
5485 4493
23200 5820
27768 27462
13778 28697
22834 11073
26291 9244
10320 14652
27193 17181
29277 25839
16590 24654
9581 22473
3033 21595
4164 27369
3386 4939
18707 28467
27403 7792
282 4208
20787 27737
1032 18472
23788 3538
23922 12222
23002 19645
13455 20555
27951 10706
23853 2735
14456 17833
29119 26396
9298 19535
7001 5740
22678 5301
14114 2683
1583 21524
28001 23119
22264 25392
12476 23542
19987 24513
24597 29577
19364 20396
27712 12108
311 27146
26289 5174
13880 9153
29948 27208
17638 9331
24842 26220
26066 29377
27851 13655
20303 28316
24888 5165
21954 19732
9210 24741
11751 641
20874 16262
24322 27798
4957 19010
3949 27387
8392 16274
27886 9570
19975 29673
7304 5844
418 2866
23181 17114
16535 20465
10460 17117
21181 11005
21622 15344
2716 7057
29580 14166
1370 1898
12714 4800
20649 19453
10884 23916
9312 7796
20235 4028
12849 28170
12775 178
22549 25910
3668 16846
13221 21463
21943 11959
8559 2595
9493 19677
12555 10570
13136 13486
19637 24945
3353 16215
1691 12179
15938 10094
1531 22086
8996 12817
11407 8295
13991 27278
8121 4836
23894 6425
11029 27362
422 17148
9401 21582
1296 14118
18156 12413
9624 1794
9029 12166
23009 26400
5848 27773
20454 833
16710 2029
9048 5234
3157 25423
25406 27236
10632 774
21875 11926
20558 24300
25398 17748
8460 9339
14137 2958
5414 21192
11688 7535
26929 25460
22212 21674
9907 8965
17090 27892
13571 10762
22774 19279
23201 5029
29880 11644
24768 5522
15818 5484
11623 8815
7621 10551
7584 6077
10961 19509
12966 5659
11212 7348
17626 29123
745 7338
3729 27072
1228 6308
19311 16381
7482 5325
1501 22583
27457 24390
2292 3540
8424 72
9326 1001
28877 19679
10638 3291
25651 23015
13887 10740
21983 18194
5446 12074
27645 23166
16947 12614
12402 25296
5455 20115
14613 14266
13678 6381
25415 22384
20003 13130
14949 7647
21211 5284
14971 25786
4072 14205
8898 6834
26805 5870
2595 16570
16777 12935
7808 15765
10825 15252
9376 8185
17324 26567
21688 1684
4210 6151
14419 1417
21489 14024
29553 8757
14301 23381
10845 101
8086 12944
21241 9595
3551 13053
25065 11625
29997 11733
21969 25164
17712 3984
9558 15285
10425 23183
24318 8495
12876 3537
17414 9444
2129 2796
6672 5121
5483 24282
22911 15588
24050 2851
5744 12875
27928 2349
2438 24337
20297 9872
25295 23722
4051 10396
22069 10224
13135 10465
1379 17369
19707 1420
7599 19752
4330 6470
3393 6420
26141 24541
27897 1456
28380 27424
7089 2404
9592 2302
3726 15815
14433 29342
24956 18677
2908 14475
17664 21977
29725 6286
25088 288
14551 17347
8950 3542
728 17413
6121 26810
5773 15094
25786 20239
23790 9139
25199 17831
26734 21164
11144 5646
9051 12084
16473 10302
4572 28159
17661 14519
9552 4245
7091 10318
18898 7056
20680 10539
15732 12268
21915 22197
24239 17181
21888 27088
12852 12306
27911 25036
13249 2030
4443 18286
22031 20162
19477 18893
19933 6386
9480 27743
22459 29427
11122 10657
24674 18825
4486 3960
27649 9436
2635 5285
19205 9813
9504 18352
7109 13928
22190 25298
13532 19098
29003 27540
25210 29766
7198 23999
15698 25204
22145 6477
509 23510
259 4131
27124 8063
18689 16934
4745 6497
13443 26990
16172 624
23680 4410
27665 14152
10464 1129
21880 21435
19557 27405
19587 29609
8234 4037
22645 13585
18114 3733
9157 16764
14101 28728
16459 1908
25191 3111
18438 26465
16441 5071
10533 18076
15284 1095
16306 7716
17592 3067
27555 16060
29045 16229
21049 19339
4424 21387
23813 5230
4251 7770
25627 5376
11005 24938
16709 4790
14646 1569
16813 12829
10 15790
23168 9102
19535 15332
21413 620
28717 8514
12276 14934
16804 20131
7055 3061
26158 16354
18 1488
23428 15054
5782 4323
20652 16815
5182 3412
15626 18797
29924 19925
11981 16520
13167 29557
20903 7494
1645 11169
8225 1695
10612 12322
24390 13931
8812 29272
25681 25035
20821 12158
10798 11046
2655 11977
7910 27566
7242 4495
15869 16957
26309 19762
6774 13469
22178 23006
18649 29882
24374 7620
25783 4351
16220 20214
11996 13509
23103 24276
23205 12392
13310 20337
5267 27257
2610 11724
3932 4695
22320 28489
16497 22881
15699 27891
4065 27172
6264 4239
10416 14736
17844 454
928 21560
15929 29583
4780 20112
2229 23492
8713 1218
26690 23728
27022 24297
1077 2501
5749 15973
20973 340
3423 7672
6803 15625
3253 8817
16354 25488
13195 18999
10463 7800
15401 23989
1292 9127
8763 24062
22223 20741
9777 1642
17736 15427
19077 18744
16085 6720
10858 14658
27075 6737
14204 29572
26774 5268
8918 9999
6263 4719
18676 29069
5970 17100
21643 14914
10600 9089
19718 21802
7949 29578
11628 3749
20768 18713
3559 25924
4534 27073
2421 5653
12744 21052
2144 2532
25988 7953
11058 5536
23752 11552
18200 5595
19722 19152
14914 17236
23597 86
17788 17746
13296 18264
16006 13172
22320 6067
3643 5227
15731 27263
16713 16258
1580 15894
25054 1281
12707 8435
26060 3602
18482 395
439 4179
1713 24146
24792 13489
26269 17093
26162 16018
22898 18901
11681 3510
16492 23698
2451 7866
26791 6227
29228 19572
24005 10331
18056 26809
1397 6204
15355 15914
12555 6249
6979 10935
60 9028
4367 26069
27158 11891
2813 21632
25408 6755
5019 12090
10767 13454
16924 20162
10707 23326
14097 19697
23329 14268
12871 17183
2642 19578
4409 6846
17104 1403
3988 10652
4461 28603
15837 26854
25531 741
7758 20548
16961 27187
5171 4650
28098 20733
18847 13210
7830 5112
27769 23661
24667 18205
13336 11104
29530 16299
18097 11384
26153 12517
7262 8382
12357 15904
7914 26023
25223 28507
26884 2715
22696 20646
27197 17506
11269 14516
596 17853
25842 15485
13688 24236
17261 11166
20304 24335
23287 7775
1061 12066
4794 11432
19323 5231
24736 17081
4673 16312
21651 25726
13149 26822
3463 6656
3804 12746
25511 81
14302 202
17450 24403
28889 27283
11799 11911
3976 26428
1777 19260
14047 22949
5596 21739
835 24625
26813 28357
4492 644
14792 18621
28393 17586
23379 9289
9500 8741
16720 2326
22214 15341
17887 24855
12102 5054
12027 29050
14053 1824
2447 15677
24197 25781
14730 22553
18928 18630
6882 22987
26333 7848
25268 8933
20293 19447
8037 16651
5152 7504
27840 2414
10841 25336
18942 10319
9421 17704
9305 26007
13547 23372
24885 26379
19588 954
12800 17184
24667 8971
29245 16253
911 2103
26235 28073
1050 13636
18080 7498
3403 11197
16033 10475
2551 25071
18009 13945
27123 21242
22224 5093
12430 13601
17160 8299
24416 24997
4022 21030
7145 11654
6307 7991
27873 15768
29786 17092
14620 12139
20579 5783
15743 10195
12348 13879
2271 23588
15442 13096
8688 17926
13940 13501
3755 2951
20966 29777
18997 9692
16885 26352
18050 17277
1869 9034
28573 27661
5239 25810
7812 28014
4376 26398
26173 16822
10495 2912
25979 7260
8721 13258
10009 12004
25311 22484
7139 20151
6791 24405
28336 3471
2244 26794
15620 28654
8052 25484
4064 23405
23898 8624
11768 9156
6895 1182
17823 26424
22043 10487
24635 24399
7694 13274
12513 14735
20772 22955
7305 19363
27053 25658
1129 11683
10709 26497
23943 18118
775 10953
1879 472
2767 29492
24327 24981
2703 18118
10683 13361
6697 16102
13619 20706
26253 14281
7800 25625
27915 25584
6737 12729
15589 11710
5208 4509
4534 8559
9815 8414
6419 16971
3088 25172
25710 3492
12541 22885
14438 11569
8255 20147
6840 20945
25806 23360
23812 19283
14763 11197
7216 22580
22034 27665
16594 23858
10137 17124
10280 26247
17850 3441
15264 5688
17839 28980
28285 23242
19080 22696
17003 24075
29526 3744
1845 6364
1553 23064
22432 27042
22597 7112
16644 11140
21612 24307
10340 14221
26393 9918
2809 1934
21357 19779
8726 26228
15497 10945
18090 4807
1656 28527
25315 26886
13251 16599
25460 25968
20192 18064
2344 19310
13162 29122
22822 8121
28047 9034
3308 26458
1325 25412
25710 20458
6632 1895
13415 762
11993 12028
17063 8506
5934 23677
14450 11257
16632 18669
12571 25483
27970 24408
24975 28728
6185 1585
4809 9474
5854 27085
1761 29643
28176 23878
12182 10509
22857 14531
22091 28662
16276 3535
28896 1263
27464 4979
29427 20845
23618 28920
8721 24157
23678 17075
17855 7715
19671 27006
25074 9861
7437 24109
13624 9150
677 22066
21860 12392
3475 15485
5405 3450
22613 19842
11829 20096
22022 27258
8566 3132
20323 22137
20993 21035
15941 909
12318 26954
13521 8697
17812 12479
6037 16954
16606 16084
13753 12792
9682 26736
1603 28606
16239 6155
1632 29973
12591 19369
19875 9653
27939 8646
24238 18771
28333 18869
18864 28688
23905 19523
5899 11695
17359 2843
13430 8388
8455 12276
4473 7449
657 28971
12514 29089
13947 5501
16016 19392
28232 8094
17570 7408
29613 12818
19094 11109
13329 19355
15226 21003
13549 29354
23425 22415
11790 3722
25401 26719
25677 11208
24941 18756
5794 7045
7238 6374
1838 21338
6646 27009
15305 23578
9119 25919
1883 1865
11516 20510
21479 402
3600 11648
27023 6774
17016 4652
3772 27645
25544 18589
2133 16490
6747 22627
16106 20775
876 19023
14357 669
18975 11208
24468 10462
27587 15056
4661 18090
29534 13985
11147 15063
15903 6761
11162 2103
1924 366
27579 15886
3186 19269
4672 9784
9430 9786
2547 2567
4177 3591
29812 5618
9109 5931
9532 26334
11124 27844
4232 8383
8028 29428
5562 12656
17569 19679
6733 12010
22379 9682
4536 14238
2853 15939
1999 26191
5594 25376
8298 25191
21250 10113
7254 23598
23114 18430
2324 10020
29048 4083
16885 14832
13568 4412
29 5333
14769 19312
12715 4626
14163 72
6943 9194
7152 8487
17092 374
20320 7317
19934 20382
20323 29164
733 13338
11390 12336
3942 6726
18102 5581
4482 2450
6053 9456
10808 20041
29778 22266
15042 1886
23755 11957
8520 3925
24760 19084
12548 1676
24212 6855
3975 622
24564 8661
29595 28569
23114 7905
18757 16106
21538 9345
15621 18197
28827 11285
16158 14022
27539 16771
25214 8680
19590 5354
7048 18989
19348 13280
24471 5445
14610 7449
9379 10312
6729 16495
10175 25687
8841 1878
7145 12807
29284 26431
18800 12288
1388 15197
1996 11465
9746 5622
22071 3263
25572 14404
23740 22083
25727 3666
24229 1354
17034 20087
7791 27278
15202 14200
8436 8887
25362 5465
17325 23056
22955 7286
17066 8140
3426 4260
29247 8577
3365 13809
7098 4707
19445 270
27311 2241
2161 4368
29988 15164
24875 21102
21849 24792
23350 12612
22563 19052
9746 13067
23990 25095
11444 23568
18170 5785
12582 16477
22963 25091
26526 26939
6250 27229
17204 1305
19522 25695
26399 13084
29021 16235
13323 11458
20687 7270
27659 658
11460 15907
419 12661
23972 11617
1034 248
16809 2613
26090 2839
24572 10893
15689 21269
19531 11032
16236 12281
25390 11705
7105 24033
7236 10729
25310 14891
22048 14530
18909 2678
5486 14651
38 16925
2246 8917
18222 19826
8072 16101
13174 11623
19155 14748
18027 13840
3543 20161
19458 7053
14670 7530
17118 3963
26403 23453
18306 25799
18443 14285
11338 15455
18713 10694
12856 25334
3523 24173
6090 25531
22628 827
14600 21830
19321 10210
16975 1836
23788 1061
7772 29841
27486 21743
27957 6893
26957 2006
2959 29173
23025 15547
26153 16089
20105 25365
7996 19676
27948 8235
20104 6461
6253 29197
29368 17026
22735 26557
15202 23093
8118 23452
20803 786
28093 4783
11093 19763
27559 16257
13019 27357
6413 6616
16003 1070
12309 2919
21048 6954
29045 5992
10875 14595
13380 4448
7310 21274
24602 16791
26820 26081
24447 10214
4201 12668
17224 13613
5028 22970
22833 6635
7531 23635
23604 1491
10387 2547
4159 27040
27797 19354
13723 22242
8208 683
22352 3292
16144 27400
11008 4177
16085 19821
22104 19461
20947 9950
6592 1285
27164 22478
6556 8390
12435 20221
17556 4385
22247 4418
19244 24262
7340 5083
24543 15925
8500 6601
28930 19172
22170 9047
1594 2049
21896 7649
24331 25813
21339 25348
2946 27622
15536 17281
16507 11487
18962 24077
10239 13263
11346 793
13146 15055
2633 3539
11909 8675
13493 23963
13063 10932
7655 17435
14807 27161
21543 5377
29174 20661
11572 6765
5082 27717
21681 3792
1185 15195
18891 25705
28746 4131
15179 21769
490 13872
22094 15048
5602 29402
4069 7250
20777 6538
25174 19235
26407 27606
2408 25074
26957 1484
26042 29594
7602 5589
26257 29339
13659 19449
26636 24684
17014 24783
24445 8205
18892 12595
29534 15017
12969 12861
20295 27598
18627 5392
16621 27250
12997 19244
11366 4756
12013 21619
24137 27934
617 28424
12802 13695
17466 20706
11674 10759
17513 22995
24267 26279
11449 23271
8160 29634
2448 21013
14008 26416
13305 10366
14688 2760
4707 2753
13868 7672
26878 14539
1684 17109
8585 16780
6323 6312
6982 3497
19181 15396
17727 29176
24564 25466
8756 23447
316 3247
3659 928
8508 26922
4068 13786
4267 4853
17869 17833
17148 11665
11223 6329
26350 2249
24594 20723
8807 15869
14839 10300
2730 21400
16492 18265
4525 10082
4240 22655
7150 27678
25621 12845
28800 7733
2630 14524
20252 12255
14588 29224
9589 8165
9802 25702
27642 8176
8729 27285
17395 4688
20148 25021
14183 9035
4196 21334
25151 27778
9182 8389
23272 23813
6343 16701
15549 6785
18355 26513
19081 11584
27712 14614
7598 23469
26727 1281
6939 7180
3821 19088
21235 22340
19216 2669
25133 2465
2440 28496
22845 8817
23119 24992
6589 7179
457 16012
18158 19214
1195 27112
25117 29083
29346 8875
26086 1927
16734 11339
29954 5090
15126 20115
11426 25104
21381 27032
24843 3383
10855 27544
9680 28415
18789 23238
16157 6661
26814 8121
19508 14585
12140 9839
1374 15738
26908 26127
16239 24252
15706 17314
25256 3724
27925 18461
22828 27566
2875 13925
18364 15472
27359 473
21693 11985
2662 20292
26025 15907
7148 16199
3138 3491
19390 6694
20991 19141
25892 25852
18847 7442
18238 25136
8399 12952
18206 29183
10100 25902
11629 29221
20497 3474
16595 267
8225 4741
11952 20614
4627 24120
29322 5145
9118 19962
21157 18714
24538 13345
1377 27218
22133 15518
27614 17267
26511 6418
18849 3487
25214 25927
25291 28908
28040 5238
25788 705
13869 15375
8141 25438
12608 22006
4647 9621
13917 4512
18794 18571
17845 12884
20139 2414
5457 15943
3470 20961
18394 9893
22203 13481
27677 16368
26084 649
18579 14363
5635 28927
4940 27337
5415 12616
91 5374
642 9627
11329 17132
27310 15833
16252 23039
14879 18203
5537 21616
6933 19164
7117 14812
898 27044
2225 15472
29270 25314
23600 19749
28325 8633
1494 5393
12297 3497
11336 9521
14968 3596
504 7013
21864 9464
29167 1403
7433 5405
11524 9976
17468 23612
18799 6380
22043 23760
18528 26391
9824 17834
12275 25054
12197 9811
28005 26550
231 4348
6725 11214
28367 6083
11009 12168
8986 13825
18833 9052
18014 5712
11037 20683
25815 7410
12596 3053
17744 11993
12644 3035
19690 2141
17716 1128
12199 10601
23685 9360
13544 21529
21897 5550
6092 11674
14408 27099
26217 10117
13987 3233
17410 3350
15556 10599
1623 27653
3275 22861
15754 78
9283 23748
5036 2461
8686 23731
14843 25834
10736 20825
1505 24647
20292 13937
11780 6397
27069 11028
3268 20901
24117 18229
14290 23993
23007 25029
1309 17359
15425 27231
7114 16036
16960 29946
16045 14437
10433 18902
106 22691
872 2714
1120 29085
12028 1070
20055 13059
3579 17119
16894 19445
10452 21739
24928 22300
26340 26885
5188 2611
26553 21804
28163 2918
16001 5470
25585 10372
24386 12140
16637 29487
13812 24130
14536 6879
8 27973
18680 8709
4596 16591
16254 23755
13465 27513
29187 8658
13205 23440
27009 18277
20291 8282
7897 2099
16707 4628
29645 741
20873 3151
15774 887
18100 11116
7897 11093
25626 8648
23158 19924
5377 19240
8526 7565
8982 10196
18437 18381
20665 9214
29476 18
5541 12454
13197 23559
21220 10820
23930 8770
1271 463
17258 6246
10413 29022
22660 22243
21462 22926
7915 10508
4322 2355
28396 22156
21893 9199
7937 2403
22208 24705
25496 2402
18308 1116
7617 6074
6071 14760
5364 21328
13490 2902
10607 6500
26561 3541
5583 26234
9338 9137
19043 579
26887 16244
27595 18543
11158 5577
22280 3251
15922 19082
28941 9445
21301 11408
28375 5526
12687 7099
29014 6860
19130 26472
11867 27191
24544 27993
14869 29063
22828 27535
6825 29518
21405 29492
23987 2649
25589 15490
15416 19364
11865 24855
1282 15472
25560 22961
10237 4490
29303 6465
12731 29838
29695 7146
25201 6886
5202 22522
288 25370
24295 351
16844 29022
26407 12218
17913 10075
22562 23181
26983 6293
21097 18213
2632 26084
9418 28343
21208 15348
14667 20132
6796 22265
22403 21680
2273 7559
25066 16714
23689 18810
3210 19232
3821 9967
8297 19172
4601 13345
16833 22865
26414 2711
406 22388
21309 569
21097 16237
1146 5176
3358 11685
9828 10215
19310 5514
11164 5080
1452 13083
24047 19400
22828 7290
26098 21213
17995 959
4534 11543
22997 12931
13379 1338
23955 29865
25482 15115
3337 14856
1296 26124
8401 3700
1669 1041
28761 28135
7155 13399
4478 22993
18235 21156
11615 27941
7305 14822
14942 6524
11598 25444
16794 15620
17081 4204
7658 20381
24475 11393
15278 25348
20525 25376
13864 10291
107 9888
21208 7362
22149 28059
23553 6821
190 3179
17010 19795
15203 9267
27029 26831
17585 24805
28229 3276
3207 17077
23060 28918
17339 25289
6511 16086
26248 3225
15387 20065
421 1576
13293 625
1349 16257
13798 19898
16318 3565
26115 25785
27758 29127
15244 26247
24873 20085
18085 3312
15674 3786
22800 25984
28753 9246
21968 29992
18835 8933
13461 9105
25171 29963
18004 4664
19509 25676
9251 13380
7263 26745
15330 7841
27145 27047
7878 13569
14630 27499
1999 27057
16254 27141
29961 730
20687 539
6999 24298
22122 15431
13563 5827
26436 6556
29936 25077
4954 14414
7909 25728
20047 20212
22072 1778
247 6458
27332 7550
26016 10881
15621 11027
6530 16697
12255 13689
25923 28836
25381 8898
22567 26358
5432 7094
9766 20041
4762 11507
4357 18192
26230 14421
29988 8960
6089 9566
17501 7507
28111 27373
11485 6301
24526 18431
2970 3051
15390 12098
3070 9370
14020 2196
10884 2820
12202 15090
23449 6976
26255 6490
5429 26313
15237 1852
10436 576
23612 17257
5119 19208
21016 20056
1529 29800
1291 18539
5372 18624
29457 5632
25171 3922
27648 27347
19496 18953
8774 7445
29941 14165
24934 18941
26987 15690
4860 14967
21923 20784
27498 22519
11181 29118
10478 12855
1383 25759
11770 9478
23977 23274
14549 7349
12883 23155
4943 162
20092 19777
10681 29828
14522 4741
16966 9161
15055 22910
12389 16890
26356 3657
25774 17632
22872 22145
4060 816
7378 18362
22656 5028
27083 29241
11469 23455
1206 17155
6553 12939
12670 18969
179 6035
20025 16910
5496 23831
15508 2257
26004 16841
3074 4181
26437 12295
7809 29269
8057 29124
25219 6349
18591 10365
12368 10108
16842 5526
5450 1754
14280 22794
8383 6383
9232 13339
15116 5670
26128 19654
10532 13936
25395 29398
6699 1615
18325 14810
10297 18240
22558 5733
3862 1172
15502 27501
16659 22851
11924 23587
7762 1871
17442 13939
10272 6001
9840 8641
8256 25726
23218 22740
4671 28242
15764 19644
14770 18619
17549 15483
6589 22662
29598 9607
18648 11298
14110 13664
22547 18309
17119 17157
8795 24664
24104 9830
16688 7647
27843 27303
13048 14071
10761 25840
14663 26532
23044 21244
13433 2580
4765 13492
15463 3155
14921 15016
28048 25161
14079 303
13484 4914
19847 28051
14907 12078
13837 26561
27751 12946
8645 12728
12990 21884
25814 23447
1117 2873
1779 9182
11100 825
18736 14977
28144 6508
10953 28302
5725 7872
6915 4822
1309 2461
16260 6189
6605 23662
15090 11963
2076 4730
22902 14541
20990 27156
20931 12680
20538 1538
24647 12219
23814 29696
26766 12903
9947 27513
23614 25061
4852 17098
16394 7086
20501 10959
14445 26809
17908 4668
16048 25011
2600 16448
4262 6893
18006 712
1113 2357
10015 4575
10290 18391
25581 13662
27233 4580
11179 10879
19227 2018
3905 29133
5741 24557
21389 24641
12655 13990
15027 26158
14567 29999
9152 12347
5210 23819
20580 12870
8644 9368
24910 16165
20195 263
5806 6258
7545 17053
26023 19959
24188 5132
11720 2730
14203 11577
1857 12154
4269 858
6880 15276
25000 18741
807 2344
18116 3401
18984 25069
26242 26701
25547 10944
8404 11998
12587 3337
24745 24418
13951 29059
10967 2402
12756 5478
23012 26082
8907 7339
5271 19581
4152 21381
17958 19926
21304 8079
6490 11264
2266 23958
6554 27510
11438 9663
20954 5677
24733 8243
25463 9966
13001 5783
20344 6133
15396 15775
21353 13833
1790 8904
2456 21369
20673 27457
15519 717
17823 18456
1767 43
19319 19766
9715 11104
23536 7806
25344 19842
24841 19653
19215 18609
11436 16392
9230 24430
15267 19271
25496 271
19519 26236
18169 5899
10997 26707
10310 10864
23372 5239
2335 18840
9472 27121
20701 8553
3879 19146
497 6438
12179 8495
2725 4836
10123 6989
26964 22884
2327 26813
27306 18482
4548 17744
27460 8909
15121 28954
13752 19174
20170 11267
12441 23518
27981 17416
8608 21171
6210 7233
8936 7914
9871 19699
20423 4664
24070 28093
25623 9586
29854 24573
12994 20906
16630 17852
8491 9124
12902 3381
8415 24212
28031 25315
12817 23700
27944 7322
15154 21719
17787 9249
17528 14224
5332 21037
7938 12907
11041 4479
14219 28078
16774 11225
27796 23202
21319 13197
7233 4943
25870 7935
20292 20801
24462 20359
7646 28963
23532 1448
27180 23298
4894 26300
1893 4336
11260 16739
9254 23730
14903 6057
22342 5439
23612 18920
2097 27717
326 25119
24942 19246
3279 5749
8160 9557
21833 27986
18606 1665
22693 10961
19781 11479
26440 7281
19656 17069
12060 26854
26181 19065
3647 15045
7375 20151
12290 21799
926 4550
29335 8319
29763 25590
10595 16690
22783 6533
6208 21360
15647 27935
5375 15835
17000 5004
19672 28027
20022 26702
6217 29013
20269 321
6446 25670
29372 11080
10813 22673
21625 5384
26357 22753
27846 27373
14532 2656
12339 29648
15346 20678
23595 28482
1816 12735
8560 10892
2869 8369
28516 6791
2367 24264
13971 20048
7757 29972
2491 25016
22228 14633
7457 18137
7017 10054
9471 21967
9541 28941
26862 516
6136 9479
13318 17702
19085 7548
13183 28176
28078 17163
24963 6523
1813 21333
18113 22968
24154 4030
13724 15342
18458 16414
22571 8840
26246 250
12003 4664
14078 26571
2417 20173
14635 13526
11691 2666
22902 17112
25224 25704
9164 29059
17169 13022
11872 23159
13969 28633
19495 5086
14250 24789
29919 994
8714 19535
6124 26660
21542 21215
6942 15365
8501 8568
25248 14276
15856 25454
6752 15297
14846 12715
28569 350
11512 12990
25609 7635
520 9850
398 23448
1690 7
5713 29418
17917 5780
23788 8446
16874 11446
19114 21426
11788 10646
2776 6276
6279 23106
14960 16913
18860 11034
20867 153
28115 28614
19516 6293
10699 8769
18462 25126
7050 10435
27369 10442
15011 16456
10840 25295
6063 547
18765 16070
8941 15860
12939 21326
3234 19999
5796 2957
19527 16356
26559 1165
20392 18610
3617 20308
29603 16257
2973 21070
21952 6051
22781 27771
7356 11116
3272 6066
28341 27972
11112 378
27121 12581
8203 2225
7521 29839
15715 24108
29670 11465
743 17241
17682 12914
6876 10107
10741 13021
26345 29450
995 13819
1149 23036
9273 22102
218 24073
24034 14885
25516 13095
25576 7301
28656 15587
25506 16813
14387 12783
19321 15126
8053 27256
1893 16030
13190 12648
57 23202
12763 13477
12751 18015
21083 27719
20132 9212
7770 29401
2544 21147
5175 3462
23333 9697
1320 21308
13972 18725
17212 9491
7726 20289
18086 10729
17855 10387
15913 24550
272 19480
2708 25723
4772 4206
20888 27027
1265 20415
20714 2967
6260 7703
10485 26665
13262 8271
2111 25361
16252 12634
23507 21480
28840 15590
23595 6951
11436 24316
21909 12856
15681 8061
18749 5916
21457 8235
4605 26262
5079 17052
20999 28160
24502 24670
8779 11448
12452 17550
29709 10772
9101 1360
9251 10688
13401 2745
7765 7146
9633 23812
6682 8164
29216 1509
22956 3433
24964 9655
8633 27073
21498 10646
11308 25044
17970 19847
17041 19414
4263 29256
1013 20398
22836 23188
7866 23289
24618 4440
24374 13564
8748 8144
24838 12752
12015 7555
14792 7752
29699 19273
13154 28599
14006 3199
29506 8870
17886 1412
13120 11091
5760 3760
19465 17885
9773 12586
19095 7966
18856 20110
13647 8791
5500 29418
27692 28881
10786 18813
26737 382
26508 8356
29361 8097
19659 15745
9203 4036
12755 458
9255 8626
11175 699
5901 13178
28940 27700
891 17984
10849 3489
22709 26352
6550 23343
1819 3917
18436 19034
6610 2190
11089 16816
24169 24029
12603 5743
5661 603
5622 1047
22900 22314
25167 18494
12759 2978
24160 17709
21010 17762
3367 14733
9812 14058
23641 13317
27951 25538
11439 19580
10825 11288
1164 10473
29365 23870
22677 26079
29221 13515
15313 26675
10624 4403
25984 3893
15937 2599
8764 16482
783 28741
2503 12097
13532 13078
29459 14684
12890 26203
26535 22232
13127 14298
17320 8268
14213 6715
15149 24570
27439 28381
27788 16180
20867 26354
909 21074
10828 22401
11048 19392
23637 21827
28217 20703
19740 9458
11657 25592
4434 13040
20907 14618
3578 24924
12754 24626
29347 1661
29253 20058
26355 6670
17469 10731
28691 1865
24444 20544
13858 13624
8338 18646
5890 4226
16424 3932
17619 21601
5622 29746
17373 25122
26695 20061
29201 5271
19320 18155
20461 4069
17082 2751
2764 16323
8495 15550
2437 16382
15069 6331
23134 263
17723 4282
28011 15870
288 2971
836 18555
12558 17804
13923 7008
4725 11514
26492 2992
22900 2496
23777 18385
5998 18791
23233 18909
12767 27049
2992 17263
9416 23977
5765 16074
15291 1225
5553 10638
15899 15293
24633 507
21947 26658
12666 27055
10660 10472
22290 13705
17958 26955
24412 10433
15354 12088
16715 22800
23620 19655
20453 2246
7956 14511
23607 4675
26370 9632
20170 1236
9003 13101
16695 23804
17139 2287
4516 29891
19115 20593
23459 5367
19271 12132
18245 7684
22927 6576
12069 29678
29322 26569
23534 7520
24676 27670
16806 2099
13673 2242
14216 19097
15839 21447
7161 15567
26359 13355
13034 12519
3381 17456
13233 6276
12569 16412
25403 10929
14836 21968
150 17530
7376 1563
7048 26945
2526 15717
4185 29558
18039 90
17958 24531
17475 16079
11415 9373
17583 14280
14728 16402
23143 812
9226 27946
10645 29812
20831 13026
10145 14537
29660 2143
11959 18057
589 23147
26218 28793
16440 16200
385 2926
16086 26119
18675 28279
29643 8121
2248 20843
17378 21781
27784 28024
2831 7594
9116 28897
11105 16300
19988 15600
10372 12215
22412 20904
11527 2044
17142 2592
6436 1642
2443 23381
27745 7106
4726 2877
18898 13276
29690 12648
10755 28291
20476 15621
20908 2378
27823 7548
20118 26588
9903 27733
8221 26630
29086 12630
15604 4539
3610 3787
8225 2223
23392 24616
19031 4881
18521 17195
21577 16499
755 4578
24756 8621
4624 10059
21163 4473
24078 5117
21385 16660
6111 14582
18024 26168
27410 870
22009 9341
6977 24049
27455 5267
26083 4488
3575 6970
8733 13788
20638 13180
3643 10297
3436 4567
27768 13641
5160 26963
25749 17830
17278 6274
14079 19847
10409 18676
7980 23002
14964 6218
6650 20332
7818 10215
8751 17526
261 17028
18256 25665
6035 879
18919 29041
11243 14465
9908 19089
27507 20030
13491 14486
28503 17502
13422 29496
10911 14052
18453 9403
12753 26558
4131 17624
8393 21381
24877 22248
7241 842
2428 6798
15083 21893
12634 13766
26476 20672
27497 11494
18798 7543
29269 22508
19521 26686
21974 6590
22563 3750
1726 8037
24614 23957
15696 27412
3359 507
3647 11918
4618 9423
9013 1862
19246 4199
12255 14760
21087 28634
12868 28976
26676 20100
12851 22986
10105 4755
19886 27051
20042 23614
17038 13961
15183 4594
8963 10425
5386 5044
8019 18091
561 11753
29450 14547
16975 369
9967 3715
15183 18387
21499 21947
25700 17022
3055 3829
16594 28245
9707 29481
12258 8262
29990 16913
13330 2813
1175 1065
17790 26337
20327 27288
1467 22252
15645 14539
13698 23883
958 13343
26149 7232
16878 9799
3343 5693
24447 16491
29931 5825
8853 15980
18410 17692
9583 22675
27215 10089
25180 26656
9793 9181
18342 3410
27450 13261
14667 12369
4750 27699
5444 24524
29627 3722
12216 17561
23101 2536
11743 13587
25241 17182
22313 16388
29318 7235
1625 21748
3208 10823
3353 18829
11138 10339
24830 24466
9992 11637
9854 6568
28893 24742
24187 3011
13466 21892
19744 17803
13153 11746
15094 3452
19596 7745
6308 7347
14898 27404
27957 11965
24820 12226
3335 10893
17317 21479
20716 2340
27449 21479
26059 10860
27848 22713
19956 1683
4195 17068
15753 16391
1752 27923
3834 27587
20044 12210
18136 11818
18361 24335
11776 25538
27999 26152
16089 27914
23266 23863
6723 5937
9573 23333
18401 21086
28135 20428
27831 8801
13330 19549
22700 7093
20949 2548
14481 24592
2314 12685
15683 16466
2946 29541
17476 24400
8100 16643
19675 19335
24736 6217
16952 11298
13794 1600
2137 1315
28811 27297
10458 17178
23953 26940
15940 16805
14312 13981
14599 19445
29559 13337
5937 7674
25804 2553
4823 2011
18495 24067
13435 844
15295 4648
10755 5577
19628 25279
10095 29454
23983 2950
16785 11224
17559 21548
27145 3420
15016 2975
7183 28365
14694 28618
8377 6008
7825 14622
21699 14552
5307 18893
17547 14822
15825 14638
22413 14489
3973 17039
29791 13778
5986 13022
18739 27518
14470 17347
1827 11271
3838 12008
6157 2566
288 10683
15266 1778
13396 9452
13193 19447
26390 8821
20967 5859
8635 24564
11273 1521
10592 1750
5894 362
15177 7660
27476 17507
2066 16113
8337 6064
28704 14519
6900 10264
14638 29708
16593 15406
23715 2193
5315 5701
6819 23792
2100 14554
19703 29558
5710 15387
413 9401
2370 9772
12269 19998
14171 16629
13045 18419
14803 21367
19339 7982
8388 19603
29305 10182
14218 739
6107 2688
4737 7311
11523 27716
13871 5653
17676 13473
29133 18938
28745 25331
4300 19200
21394 1073
9092 9824
8091 24631
21809 3330
4765 20083
22807 9583
17064 8821
2337 19610
3089 28883
18853 26175
18927 8531
3580 16608
4510 27451
25719 24213
20089 13933
8447 8839
2071 22677
20536 25207
144 17307
23609 20676
4325 29183
15556 1277
12674 16749
21319 21225
15642 2971
14407 24610
21217 15955
4423 26724
28309 10970
359 12521
22885 5889
11703 16192
1488 447
13298 16231
8420 27081
2631 26074
14851 19759
22541 8882
18878 18870
25802 17885
13184 2228
2262 5740
13888 2665
7264 5465
17443 9659
8505 1855
13330 2498
8469 14623
20180 16762
23367 23607
28794 13480
10981 13794
9405 12584
8066 21974
22545 17630
9059 9845
27641 10037
29409 866
4138 11082
17057 2617
20903 11939
26536 19480
14538 14529
11992 18223
18906 11749
28441 21468
27890 20214
15121 1640
6962 795
639 21411
23619 1799
19894 15467
679 19776
3782 24928
23234 1301
21207 27987
28513 5910
15363 19347
10454 5886
28015 7063
25520 577
5376 17956
25909 22564
22052 15597
5142 3521
2699 29475
16720 4543
15970 12906
11873 10673
1131 12864
1536 7189
3000 10569
15738 23122
20846 28242
4824 2521
8952 11394
22440 4955
10779 11889
21843 15057
19840 29705
27317 19818
17237 17360
11969 2660
11607 29648
7705 2775
28145 10114
27829 23350
10003 6825
10947 27260
17711 3589
26187 25057
19279 22245
22718 25268
6291 22933
26209 24772
14446 4116
6395 218
18406 12481
18208 10191
29676 13885
7595 11488
22441 28806
19718 28520
17963 13214
19834 14082
9141 22353
5170 19397
9837 29708
1905 22146
24844 11939
8815 640
29383 22299
8871 29074
17235 13018
18747 22602
1202 22335
5981 5246
3246 15719
29929 708
27800 26666
10876 4960
15318 27251
20049 24744
4641 9235
23408 7098
7224 10861
26115 340
13065 7516
3179 27430
13171 7515
11513 11234
22047 2648
2181 26473
26538 20194
22908 1763
9952 29538
27983 29561
10593 18258
10989 11871
23578 17013
8677 14099
982 29715
3345 17143
1871 11740
10100 4743
21327 29973
27036 19865
23852 4638
5909 27791
29773 25840
342 12655
9819 18474
9257 24507
24340 7389
777 27921
7477 14311
27504 5041
7520 22620
26624 5136
287 11434
242 28026
6561 16472
16232 25183
13146 15885
22029 6973
3302 23294
21487 29331
2152 22497
11247 3511
831 8294
18899 22823
3516 4970
11164 19805
1114 2467
4604 8985
2419 16466
12203 21830
4364 19869
27914 26302
15654 15482
25667 11338
13215 11299
17454 23824
17778 19390
21752 12629
5883 14289
15736 11660
27221 12606
1788 1464
27441 9164
21626 28318
4080 9844
19853 10681
29130 6587
2088 16673
10324 19069
1159 3444
17029 9006
3258 26599
7610 23404
26660 6601
23864 23429
3076 8650
7440 14058
23444 27831
5167 11955
1551 17859
19581 797
22368 12414
302 12120
25577 24212
27674 7002
11800 14692
9624 21634
19129 26928
14588 19472
6878 8893
2612 28494
25402 29396
29806 4614
13012 15570
7800 7590
9429 3184
14057 27072
20338 7391
1136 21096
25613 15399
12160 25774
25516 12562
2698 6148
21080 234
14199 7492
9520 6744
25744 27010
16098 21851
8282 19422
27698 1862
17695 13723
17623 7430
27556 8087
16558 20368
22194 25761
10895 7596
24644 25314
27548 11231
19325 14003
2279 20977
26897 11301
24527 5116
9241 8453
17384 18306
16969 27048
15754 27603
9045 9677
10938 3469
16535 8655
23983 24131
12713 10190
2831 12516
27127 18483
8324 7638
21189 9968
22347 9156
24243 10476
17543 2935
23911 633
21059 20410
11603 11326
27407 11185
28388 16451
20649 23222
23077 28678
25494 10669
20211 17867
12834 25906
2078 7354
2757 17195
25276 24159
14073 13145
17654 6920
12458 14226
2037 24085
1084 4726
3360 21686
26784 28923
20187 27169
8275 13898
28077 11195
29675 15042
23280 18208
71 13333
11711 16135
12665 26013
11492 19065
29216 22031
28472 3226
27900 27951
29741 18060
29787 7847
9387 5720
21056 19706
28118 22430
23688 15502
14272 29060
12849 18253
1821 1194
11008 18760
12608 9833
551 15037
24930 12510
18909 27651
1381 16339
3631 6014
18249 22650
6219 25797
4051 25669
18339 20345
9148 17679
21317 14348
23367 3698
22586 16654
8509 8472
11763 23371
23231 14278
24492 7617
19064 25116
20230 21823
645 24167
10454 15111
13782 12185
24713 4748
16613 10570
16532 28666
12039 19228
16913 27026
5082 554
19750 29539
27873 2345
23512 20630
28494 16070
22479 8236
9513 28654
28648 9772
8139 19994
9016 7566
15458 21803
14649 3300
15289 23421
135 8703
20480 12964
9340 15248
21315 19247
4356 1299
14815 11847
2056 4822
1217 29516
16664 11215
4546 29172
17611 9882
26828 26249
26346 5077
11567 24088
25898 21833
16133 23368
10260 13779
25996 28843
17472 18784
929 24121
14306 19487
13327 9325
16148 2244
2452 21326
12661 1169
21944 21211
12494 29701
10364 24927
20306 2379
24597 17837
21098 414
4359 26446
18987 12739
17530 7205
24896 2037
29078 4652
11564 16434
7641 15230
17456 4247
29021 22296
12381 7715
7379 21293
13020 19676
12270 28952
26940 9831
17992 743
6395 10755
14007 16323
13336 5846
16011 18280
2957 29180
1309 21525
24324 23394
19204 22884
26786 14399
16752 6480
6312 7737
26939 926
23806 491
6765 11102
27867 28007
27169 29160
15183 25443
24742 2502
7980 17789
20801 6587
12036 28906
21055 12055
19453 19525
7885 13110
780 24808
19519 23013
21709 28252
13167 6145
3260 17605
13536 3785
20529 29100
18368 3511
19322 4416
20092 11003
24215 16429
24372 18461
3191 22731
19210 86
2022 9580
29066 7948
27788 17015
20555 13150
13827 6132
18093 15102
4487 2451
18761 26443
10001 24976
12616 5755
12950 5899
20287 2315
29354 7982
3197 5798
18474 27873
2821 28901
20099 22404
22501 11390
10809 6213
7716 22878
26402 1317
8029 16319
643 1114
1433 12490
15538 12270
6690 25043
7290 6761
618 12208
22380 838
21597 27690
2016 5174
15682 21735
25530 14173
25819 29579
18609 8052
11097 10406
10265 16197
16809 17778
13600 21222
24853 5124
27273 26252
3 3183
2090 340
15719 25533
18504 9111
20926 21703
19305 22288
15703 11131
26864 22076
9823 29837
27216 14622
25032 17164
6946 4231
27935 12908
9439 11490
19459 27295
4320 29553
2264 16672
17103 6588
28814 22988
9696 27498
1116 18385
3697 13442
27464 12299
14154 28318
15339 113
15901 6259
16658 4954
21455 24941
7252 8844
26783 21625
8961 7666
25930 7156
2169 21524
9670 11907
6745 10988
26006 26178
10034 12817
10660 28739
24339 1509
16714 3155
11615 10077
20762 14339
18568 1761
12809 2584
15933 13179
16357 1053
14765 1739
16975 16037
11827 16361
9586 3510
20047 21502
6511 27228
2498 7291
23588 26006
17359 29269
3114 8731
25775 29972
838 6697
27654 18555
24875 18825
3596 13734
19339 15867
16710 20634
3458 16905
26555 20819
1371 25671
16028 28894
4845 28233
27258 22640
3942 29119
26816 23148
21252 4886
12118 2255
26457 7193
16084 21130
6245 4146
9262 21054
13411 25744
8034 13037
21245 24847
10945 3166
1101 785
1572 10395
6065 2490
16927 1945
1760 50
21234 27287
18329 4241
29275 27138
19172 12501
27269 19060
29803 16310
20210 27569
11747 3566
2404 28746
2560 18824
20665 5155
13754 3675
4468 29567
15386 23731
5252 24805
151 12206
18722 3766
17783 23542
23030 6789
4010 23979
3154 6698
10086 13734
15603 24619
18886 20350
1617 16528
8635 13088
14712 11848
25101 1142
2793 21580
16199 8984
17610 29704
21675 11761
13691 10586
20925 6286
18765 5507
20963 1022
6761 1225
240 19784
5104 8904
27623 11375
21607 25066
17855 24399
23176 7991
27414 7668
26612 17547
41 14062
15151 22707
3001 23024
26286 25376
27548 15755
29940 11762
19611 24198
3539 11235
11897 13760
27648 24839
3835 6467
10752 24422
8574 8557
21664 6129
18114 26096
6520 6487
24794 13655
28789 24423
28039 12965
8745 23115
27047 12234
21693 28421
6051 1811
25892 26980
25660 18545
5016 11217
10864 29848
5144 10041
17001 16276
936 4732
5731 29382
24240 384
8787 11892
15613 3048
1517 9681
9070 4429
13600 27531
14314 13813
9472 20378
7688 14017
15517 29844
14055 29235
22554 5019
21155 9431
16906 25001
3380 13431
3603 23509
5179 8340
22608 25552
19743 8931
19527 4768
3858 7995
5345 18042
10495 9159
14101 7265
24824 1362
17566 1821
12947 17343
7161 12881
7111 16645
22588 525
3827 17692
14225 19543
26935 5746
28273 2545
5945 9201
14406 16139
9417 19401
2923 20267
6105 3273
23185 1706
15553 7731
4573 8033
4873 23750
6166 24267
7587 19630
21313 18723
9960 27117
13001 5549
24113 11213
28731 25989
25780 4149
22831 28903
8643 23999
24199 845
5409 1339
23358 20001
7601 3909
6438 17259
22927 20779
27738 4482
21414 8493
8611 11786
26595 475
11087 8741
14659 19515
11773 24580
22606 13956
1433 14007
16936 7218
9390 3118
8246 27096
16138 8548
23688 26060
20326 1522
9701 26476
10268 25467
24713 6282
7347 26801
6619 15769
9724 191
24750 16751
10444 5401
3173 16487
430 28497
300 5221
4033 22968
27474 16814
1188 12318
9337 8383
24407 16645
15140 23728
13867 23333
27309 12898
3972 28952
284 17954
27759 5563
20496 24452
16934 8787
19112 2309
21375 19157
5443 29094
28990 9887
5499 22808
27752 19515
21340 183
14612 26982
15486 873
13607 23726
15270 1501
6178 27729
4309 4383
5199 2872
22013 21964
11508 18677
8787 4259
8333 3103
9562 19473
22051 23790
5154 15692
817 7265
25432 17209
25527 15980
22902 11884
25459 20226
192 16019
22271 666
23402 5027
12262 14059
1302 13746
9389 1278
19233 15270
20655 18613
17616 4277
13124 9369
20435 19446
22712 21838
15851 23059
2674 16407
7786 5410
21180 19112
9001 28714
14216 20731
17345 17275
15055 21010
16051 15954
13196 26126
12882 25267
699 10401
19536 361
413 29280
12356 2555
13223 20706
8362 12265
14151 28142
10141 14387
15155 14991
12911 18483
5872 260
23776 28222
27525 23597
21679 1969
10330 27824
19014 16710
19610 21461
27860 28236
8838 12921
22852 9167
6611 22537
13502 17132
5437 24172
28135 691
24692 12070
15175 11382
15247 11503
20032 7469
27160 25230
15954 21681
11956 6347
1721 14533
9733 18644
19245 13508
28619 2394
11063 6425
7395 7441
4440 7624
2557 22920
24313 7870
28360 18399
1030 6021
27029 16832
20842 17916
3430 29466
25427 20323
6627 12017
22615 11799
27419 7286
19349 22837
15228 17097
6713 13177
21228 14493
3458 4326
20997 29000
10533 15040
12627 21185
7869 16538
19387 6143
8236 21150
4010 29563
24383 17510
25787 27984
7021 16600
7973 28060
24926 888
9666 6261
4740 20296
14565 27551
5221 18190
24136 24858
16235 16456
11363 15369
1714 16352
24165 5663
28764 694
13945 13268
16338 26545
5065 18678
25284 1927
15791 5501
24443 4708
18550 27273
7524 19121
945 2560
20259 7231
4992 9979
23586 21300
1393 14310
4552 11122
23183 27725
19461 27461
28736 9321
6308 16781
1635 753
20721 4862
24754 14991
24555 2488
16943 18373
3362 21159
8966 21127
5940 9882
14194 5933
29750 19783
261 13494
9591 11306
15984 27820
28798 21233
28260 25223
27732 19105
28673 21828
29743 26499
8954 9649
17189 29478
29441 6372
14500 5629
29617 2290
1027 6574
25674 15168
29362 7721
26976 4237
1465 1926
29693 8845
4970 5490
8352 3615
25955 6784
18839 750
19236 12414
1850 14494
7444 11278
5887 12371
23349 17860
24600 21514
6416 19274
22488 27657
19218 21068
12560 21063
10207 1551
7831 6178
13839 25264
12089 19798
23248 13684
8596 7143
28216 4377
4864 2859
22807 5666
21747 7012
1678 8911
1210 17174
14348 11122
6183 15819
12095 11187
16179 12575
508 21335
9100 2353
8752 29643
3063 11464
23832 15799
12519 26035
18471 9972
20417 8079
9212 3240
22655 14618
23572 3347
13328 26594
2155 28328
24002 10590
14465 23600
25098 865
2975 4868
18943 21420
13806 21953
18430 19564
11124 15324
14201 3802
22987 16398
29101 27244
11723 7459
6852 25537
22931 7053
29624 29739
22373 3710
18339 25762
15809 29464
17992 15567
7225 16938
28948 16737
9224 1507
26864 22150
25940 16719
2568 21271
26421 11293
17985 23381
27566 20988
5959 15231
1187 10305
27640 8813
17222 17132
21009 19494
136 4471
21311 16821
21427 28543
19328 7852
25488 9646
23788 178
29298 26612
17379 17570
17115 29185
16649 18140
9990 21810
9182 16942
2646 29494
2806 7833
14280 13592
11651 9784
20068 27376
16064 7242
7126 12523
3622 5835
10463 24470
5868 25354
15251 28174
3103 22970
11534 26845
27608 29607
6874 22565
14835 22050
18850 8967
8211 13892
1163 19978
6586 29449
17328 17762
26712 4106
11342 29173
26906 24324
23482 26254
27230 19518
22638 8842
1863 29487
18020 23570
3193 17490
17654 11919
8357 12075
2916 27426
28722 488
2531 24775
8192 24747
28903 15424
23428 723
27426 8778
23825 14383
15219 24563
947 25638
9391 28005
28721 999
10051 22486
21173 27793
22965 6083
9072 12350
15725 14978
27233 18168
18471 25558
28760 1219
7785 28470
11371 55
14336 11500
4922 16388
11450 7857
20651 13285
10305 19670
19619 16052
2146 5244
21837 5421
21261 13661
14531 8835
6775 9571
24737 17328
5717 6830
11544 1333
10546 12221
26282 17542
7074 1652
7979 5010
27991 22963
8898 15682
25125 8192
3708 8047
33 9623
25087 1058
10074 11817
29570 20775
12536 16586
4778 12700
25641 21514
23361 2576
3891 18188
6799 17480
28548 18890
15639 13323
18441 17453
21607 25226
22441 20218
6482 26668
27669 9858
25842 7373
17222 12470
27088 22899
14355 12084
3270 10513
11138 3819
28858 17357
21142 17870
29393 20239
7981 29429
26487 361
29612 21667
27730 22345
7973 17792
2062 10782
2329 11686
20451 25958
28576 3906
26786 4661
10940 18792
26077 8545
2129 27630
2962 28982
10529 20201
14597 18319
2148 18036
6635 608
5783 23076
2515 2183
29148 20834
7212 25661
21847 27457
28317 11966
1316 24808
20362 29432
28574 24440
13494 29518
26924 8812
13781 20965
27461 15499
11850 29011
14907 28575
18548 19706
8126 24111
8450 29024
11744 19650
7006 26889
16645 11980
9146 18554
11753 5958
5158 25613
10522 19323
7724 22004
15385 29350
18680 12670
12363 4710
18773 10126
3331 14304
7079 21329
5792 10508
21654 29468
24047 20113
28698 13755
19670 19607
10750 10435
5177 4955
12467 18431
20835 24855
11178 1617
22123 4090
16302 19465
13210 19802
14865 25296
15362 27432
19384 1569
26515 9351
29493 18190
16590 28532
20985 3059
19852 16965
3635 5141
17568 29035
3776 8017
25939 7677
5202 26141
5145 22546
13836 27367
29431 12302
2161 29079
4088 4142
17765 19270
24944 13885
5267 22933
5291 25599
3479 19234
5073 12694
4843 2249
29925 22757
26709 19870
1606 24516
11525 8741
29185 2380
24300 4760
15049 18796
4431 10119
27201 278
3171 16922
10668 812
15879 12866
12844 20304
3357 28353
6615 7606
18125 27391
17097 10586
3708 4860
12485 26419
22797 9306
10660 17328
28903 3267
4802 26180
470 19309
3821 21681
701 9128
22843 3467
27247 10422
11626 2704
24031 23491
14534 17457
27879 21704
14576 23230
4993 7977
25286 25857
28335 13303
11709 20710
17542 27089
4411 8273
11854 10383
27067 290
17303 26257
7838 2579
19978 4186
17824 20193
27076 14035
20624 21998
27842 11448
13585 26851
27165 14293
24636 29137
27451 28035
7133 15930
9307 26550
5399 20946
23502 19006
28471 22078
20815 4318
22487 17284
28007 14527
15287 23724
18866 2753
13243 19312
19907 23414
7920 3498
3967 8950
7197 27408
10467 22165
15064 13463
13043 6601
20406 24876
8726 17196
19718 1695
20723 3145
8521 9170
5833 1502
16873 3328
5678 6818
6971 7822
15428 15685
23699 15716
20099 22628
25420 11236
2546 4285
25664 6930
15933 14856
15166 24517
5191 25212
19253 11255
3971 10035
13886 2703
11889 19756
15016 11830
22579 7854
29284 25797
16584 24934
18284 16875
24446 2978
26536 19223
10911 15539
2130 22471
10628 23684
21708 3919
21607 8526
4603 1220
27118 1589
29008 11943
11203 5505
742 28740
3473 11769
536 11013
8979 9112
14880 28024
14686 1395
26468 1924
12135 1815
22813 22222
3463 22577
21449 25541
23657 11823
18090 7167
374 11445
6811 8712
26119 8139
17735 4393
2214 21263
9234 29444
27059 2720
3064 15080
20234 29507
26923 6866
7064 1396
10528 19239
23386 24908
19596 3568
27857 23781
22012 25062
2981 8871
12921 28948
8973 17627
26076 27992
24306 26046
25236 7063
28593 15309
10593 15702
16625 7153
23179 23599
60 29349
23377 5679
19202 11143
18573 11510
5122 3836
11661 10012
20277 12856
6389 2398
27889 15528
23739 16934
14800 9222
29872 4162
20346 10827
27904 9688
4770 19729
3169 28643
6064 2643
26528 17701
7552 18928
24431 12208
25265 16680
20004 19037
23588 21587
8687 12573
20507 23978
14791 13186
24578 25358
8460 12783
4754 13831
4540 24213
27031 10718
24054 14073
24528 15751
17605 9703
17467 28455
746 13746
6126 8203
28630 17230
11333 23739
6022 2061
29496 29522
17933 24301
25369 4291
3966 1095
14846 18107
1503 27
23356 9521
26441 28326
8724 1911
3184 13492
11929 13351
24375 21088
28876 28850
4771 29847
1998 18660
2284 12358
24354 4865
8626 12109
11855 5339
4531 26403
6306 18450
25757 17678
16718 8215
517 12542
27814 16835
14674 10442
12352 23265
12887 21378
27381 2783
3120 22209
15184 17655
11151 16024
20142 25008
20415 26501
6301 22912
28477 6591
19598 23058
29842 13733
7279 23631
5465 22092
29070 16416
15209 12877
14108 28653
5874 597
2214 12579
17567 7625
16705 3627
9871 26255
24804 14383
12830 18471
28510 23069
17094 12844
2981 4625
11750 16494
25041 27199
27522 24716
6547 5793
919 10715
12076 6119
2599 6674
24050 23834
13932 7843
2612 27059
4152 16503
11348 12739
6317 16097
2956 19296
16164 23492
4775 7834
3244 7699
20461 14931
1350 10529
24784 9913
27438 16462
4261 22454
6199 12398
10286 9684
8125 5295
771 27678
25583 21937
24954 28152
22799 4039
13362 21702
10330 14186
12809 23845
5050 9999
13459 3911
27353 11385
24701 1708
10620 21613
10450 16586
17090 25140
19616 22377
29093 8663
11236 14934
8333 21929
5622 13089
29874 6132
5610 24066
20216 22085
28997 10395
13462 27992
23795 29584
12494 25876
11584 23846
25073 19486
15601 29494
24953 26308
6842 9799
26772 26188
26115 22044
2138 8208
23439 17000
17627 10322
24323 266
5079 5972
5156 5575
9388 1800
17489 13407
9574 2204
21392 28560
3646 2895
374 29753
10689 5714
7443 29294
18160 19772
5039 3231
18128 3440
21286 5069
9300 21492
21666 21675
19193 1875
12190 24900
17844 11864
18026 16961
28966 8309
25159 3108
13489 15605
23964 3274
28321 22171
14734 17117
18827 9858
1815 5749
28818 7439
22071 18964
21246 12489
7065 17226
26735 9677
20153 14190
7757 29491
25149 17868
20170 18203
13020 23723
23150 13662
7256 3881
5692 11441
29413 11829
20084 19188
986 2833
7321 14776
28166 28558
9502 286
18696 17796
25115 24554
21673 26026
4779 8700
18718 19099
13892 7538
4349 15320
10726 17832
21114 8499
27761 26614
18571 14538
6185 2034
9420 18002
16366 11497
10894 9891
29207 1089
28589 12218
15195 22919
12520 24904
22845 14361
22883 9264
12086 16671
5378 10700
29495 21814
23299 12634
28495 24619
24422 15353
8971 27522
2498 23736
13095 10018
3578 20983
4450 7925
24824 4910
14844 17406
14887 7170
4498 12538
1843 19607
6200 20452
28760 15804
3478 6316
7550 27102
11987 29863
1267 26412
26005 20185
26245 26672
3063 15511
16875 15657
24586 8979
20160 11668
14829 12582
15217 1011
15304 3354
3885 14845
25231 10937
3565 15211
22539 22147
24465 859
9561 22576
373 23959
22001 9291
13414 11628
27985 27892
3249 11066
18470 12916
6144 20975
16105 20722
7506 2359
17452 27240
24736 9776
5071 12534
5455 28765
27870 9151
21840 1218
7414 5982
7622 28178
15781 9347
20933 21029
8624 19089
15589 25623
9845 26005
28971 6169
26505 1584
12451 19464
18830 8844
16049 23283
11873 12256
8001 4356
15726 11244
8918 983
16228 5805
5140 27233
23125 27324
20968 14957
14383 7989
19824 11258
25368 15444
1804 18272
21570 15000
7700 17469
25749 93
20964 10160
14125 13423
8796 9658
1198 4111
17654 22585
21618 1810
6909 7314
22851 17016
27809 16636
23458 23337
29793 21533
3383 13266
13881 15633
25499 27135
4331 13234
24374 26842
22775 549
2655 15500
22539 16910
5317 11066
17204 25855
4225 14891
10814 13611
21421 20667
10626 13093
23587 9097
653 2734
28179 12475
8496 20310
78 24476
28666 18322
2126 8143
11249 6393
14858 9499
7916 21662
16398 12556
14537 11933
27541 7373
22431 12615
5574 29592
3635 9549
1472 23241
19049 20695
10025 16090
2226 18876
15165 12708
4776 10717
6615 8333
28863 26059
20443 19636
28066 21005
24018 28422
1038 19493
4769 13881
28062 43
26015 23973
4125 10562
15875 26512
29158 12534
24922 29679
14892 13681
833 8329
14990 10395
24164 15618
26923 945
27153 20039
15803 28074
15278 4434
28357 18414
2939 9247
14827 29866
2667 26589
23534 2802
11464 9305
23594 18734
18290 3084
11027 29556
16477 26041
22948 27350
22294 29618
25682 15611
17549 13328
9227 28570
25883 2010
24636 22307
3155 28974
27808 4000
6172 17796
9939 11885
3945 10809
11341 22293
12235 8966
8898 6925
21856 15736
25708 19207
8780 20299
13362 17971
20778 16204
10181 2563
4449 29893
19777 26547
2561 19135
28721 6324
5264 25690
4604 2116
11394 10017
21014 17695
4178 2257
24544 28500
4417 23104
5699 10569
18286 3936
19516 10763
22302 4291
15086 6402
25191 15524
6125 18605
5898 3869
77 15608
26723 17144
25344 13625
9970 2243
16417 15398
29234 26067
19584 13254
7863 13120
8444 10165
23225 2351
21103 8190
13214 4016
20515 20011
23217 14819
839 14056
3027 12808
6931 6742
22211 4639
5312 29885
8407 23323
23146 15912
9071 27739
28623 16589
17208 29754
27298 5219
9244 16590
26504 25605
20465 28295
27562 17606
6424 20671
25451 19612
15473 16590
1802 23836
28638 12519
28022 24629
3066 26762
123 12030
21301 18978
24235 14101
25849 15752
20139 15172
2247 11675
12139 13387
2049 21568
5356 26576
7743 12523
28273 8895
21627 27127
27745 18756
1907 9254
23031 18796
8166 20943
7234 13451
1905 10011
29088 11920
25051 16473
15629 29371
25480 26874
20476 26208
17372 6780
29883 12258
16904 618
17026 4721
28442 5590
22850 10246
19846 634
3107 5176
2218 27518
20721 8294
199 27726
15685 29092
20257 3357
6195 5066
14734 5156
6602 29917
29794 6537
26787 2337
15186 16652
4588 17557
19071 14959
5299 51
5389 12515
27719 28366
11245 10349
15094 19762
22574 14628
15531 7785
13589 16078
25075 22590
19671 22105
29495 23232
24975 3249
27651 8068
25545 8635
27809 11377
14210 6933
24009 19618
27181 23507
11665 2433
3277 11465
6475 20823
10843 24107
5878 8014
10556 19677
26673 10352
15110 28085
8343 19638
26267 14694
1180 12413
18863 20920
5465 15160
9905 10232
7726 3940
11314 6382
25543 23921
16554 17199
20144 3031
21243 20774
15712 11752
8618 8108
10486 18939
26027 8945
29366 919
215 8061
20485 27877
21859 15058
6660 7214
18776 7729
11977 13633
9095 4839
24543 22444
13733 3692
10303 1135
11473 8438
9001 11520
6538 20012
29129 12606
26252 14481
14230 24038
1751 9477
721 26110
2219 4158
3727 20025
12149 2355
1563 3034
106 4163
19436 3658
28552 10907
9214 16054
19754 26167
25867 11038
11770 11483
23992 11994
8777 21652
9785 26980
14029 5366
21981 3080
3392 8815
14666 27537
12716 4619
2777 19199
28762 5627
4559 504
1893 22040
25512 11422
22364 14248
1003 9291
20632 16131
11388 8476
21572 11182
2906 3616
16473 26539
11122 28998
3608 14589
22919 14061
19644 15498
18959 23709
2867 8377
5492 24893
21723 17875
14226 6515
16347 27388
12026 18637
4704 21346
11096 21659
649 6862
23109 11824
5329 18152
18754 24082
29655 4881
13875 4235
105 19968
17258 1464
25103 21770
14152 19323
12020 2683
4106 14077
24128 26262
27402 23641
2694 20024
19281 27515
24007 14638
20178 9572
16433 9176
6099 28125
13490 3080
15445 1795
18528 1338
21687 21208
23772 15900
9472 9018
5819 28559
22313 198
15010 2773
24823 12204
12780 27038
14759 19246
28720 2744
9499 10205
22050 28246
6355 12313
13876 2251
3475 3402
11999 980
6787 28588
23149 15934
9383 23424
27265 12520
11603 18179
15125 3405
18536 21472
22221 27827
3039 4196
22568 887
23445 27034
25870 2217
27156 23302
7904 8385
11833 6536
13753 21358
11751 11748
8139 11196
23826 18197
9463 887
11479 22696
23795 11755
1622 13307
7272 14626
443 9184
12631 18069
6199 25082
16540 15378
3360 3918
20064 1972
21653 17182
1678 26610
22482 21627
14055 24883
26753 9131
19965 13497
6439 25406
1324 29417
4984 7251
29993 4572
11971 19579
14666 5489
5551 9259
28768 18777
464 8974
536 27958
25018 1599
26907 5379
28155 23637
22616 29012
24910 10644
12105 6441
17603 20011
6172 20176
4127 17340
28138 24995
18025 15332
12034 7083
20945 29114
17267 24187
17650 4944
27643 11551
24184 4748
12513 15659
29334 9277
23776 7352
12374 3902
21704 13136
4123 28906
25805 2948
23623 3340
20886 14823
21905 22944
25639 26867
27066 658
2568 24775
13471 18385
6395 23566
29536 26941
5879 3151
8430 6366
23098 11191
13573 8063
5735 9523
16639 7776
12956 21456
13312 5842
19996 4202
1116 1408
1071 24151
6014 12384
11422 29857
208 10286
22181 1661
27062 20339
12387 6731
6418 23690
12378 6586
1764 25958
27496 2646
639 5516
16243 14331
19117 14116
22160 21835
21585 20065
3742 21898
15017 20490
13960 9226
24146 15737
13519 15349
6617 15895
29309 24087
19978 24719
10421 9148
657 26262
18759 13934
27818 29083
14236 5327
15794 28831
28555 3260
637 23783
2139 17963
26372 25922
15113 16310
8706 21258
24662 964
18504 13653
14221 24973
7369 9104
23211 17773
4119 22277
1289 25481
22830 11293
21976 1487
11795 13677
13646 18407
22786 16930
24723 10448
7111 16034
4042 14951
16622 8145
2049 18397
13741 17613
25530 8971
23020 21967
24754 23769
9013 5983
13166 18571
29398 4659
27981 10400
23103 2273
20286 26631
22701 24472
20113 16800
5569 8498
22409 29124
6654 25515
21916 2008
16062 11385
15931 4179
25868 16020
9410 16603
23449 26109
21988 11169
28102 5747
24336 29633
20867 3705
9376 1033
24959 7289
26883 4442
25106 28108
29330 11531
27634 24923
10541 27082
9740 983
267 15645
22301 2491
15035 27472
1238 14505
7562 4174
4604 26402
4246 17425
26170 20042
19399 3974
28347 7555
7004 19420
2197 19553
28158 12108
23542 897
12248 29747
10903 14509
20726 16884
25058 7742
26477 13164
29460 29475
15385 639
26887 17668
5383 5426
8301 12553
10890 18772
9902 24769
2049 20045
2028 24699
9442 25664
4180 4531
7861 29663
22028 18275
9163 26090
12305 1575
720 6708
17997 28368
13939 220
29637 997
26340 28715
24540 15695
28953 16387
19133 27301
29247 28578
17706 15715
4756 2082
18132 14920
3975 26438
21030 12975
20313 10451
4958 16193
25489 19014
27751 8883
7431 1545
29445 20187
469 18215
4973 27816
26336 26529
22226 16851
10923 7643
3087 7866
14393 1587
2603 9504
13923 7834
13681 26331
24843 17152
10769 20008
28760 9227
26311 11978
9543 28038
20531 15360
25554 4861
28078 2441
9296 6975
28831 2523
18028 27058
27626 16997
13797 16711
8637 2902
28642 28723
503 17236
7296 6354
4656 19153
3551 23276
4815 28681
28899 24521
27154 11567
27803 2250
1706 4859
9782 20653
5772 22594
27311 17311
26105 11889
5871 1700
10257 21816
6181 12492
22662 13936
4381 5975
20819 12009
2008 699
28339 1191
19207 10476
6808 2230
8426 15114
7091 2933
19188 27899
24562 6061
29506 29556
29433 11383
5785 13725
7335 3041
20773 3917
27506 29978
27921 2351
315 1277
21299 11551
19179 6401
17862 20162
6798 17125
109 15039
3948 7228
6204 19213
21848 13705
27575 28746
25421 23054
17364 15336
19395 2374
26641 15980
9135 23488
3901 25985
12903 11937
27207 28285
25171 11515
19167 6595
26362 17445
27913 3959
23450 15683
2590 10624
4247 14146
9849 8485
12140 29920
2857 7055
3948 25817
18077 7965
29236 17675
12909 5247
7395 4601
17180 27519
23330 12189
14257 12837
24009 7405
22917 20956
5194 18394
29049 12062
4438 648
14514 12068
26134 26090
1738 21409
1070 22136
14789 26014
11271 17162
2958 5172
7652 12451
7685 12459
12696 18163
29204 26022
13434 27138
7942 26178
7149 21423
20164 22727
10588 17394
19158 8963
10610 719
5635 26192
27783 24936
17913 9359
19890 19326
14491 13553
20624 22324
13023 28079
5682 10280
19548 6281
3755 9700
11365 1653
438 15352
17765 7980
22626 4421
22597 208
11668 4349
8102 17966
2055 9562
14581 29106
11234 25783
16921 26320
15291 14926
822 5384
16681 2722
4465 24789
7702 1498
27910 23193
14867 13135
3035 23142
13201 629
10112 2974
6677 6621
26066 29119
13645 28660
4214 11120
28194 17173
13762 10050
2177 6775
18929 29471
1517 2554
2666 22643
6303 5923
12473 28524
8016 23878
18182 13700
25142 24252
14151 828
20882 20490
19680 4079
4216 23956
26060 23683
18704 21397
18977 6987
4392 10726
7665 18533
19561 1914
366 16659
29399 25489
13974 28958
6316 25382
5090 7198
8086 16613
26061 29168
4532 3849
19618 1430
25842 28728
11552 6062
7467 16735
23838 13517
20487 12474
11427 5290
12145 8849
12016 5165
6884 25216
5889 25248
2412 25669
5279 27330
16060 15859
27229 15123
22219 10536
28447 12944
15070 24171
12785 24945
6110 12619
6060 2172
17990 18468
9933 28836
12231 21284
12254 19909
14518 10468
8120 20235
25548 10238
11816 11923
21406 12770
14621 19016
26243 10264
23193 10799
26242 20404
8438 9599
17917 23153
18554 11634
12602 24444
6207 14304
24190 12531
9693 21126
25653 25729
17017 26683
25706 25263
7304 24687
12424 29699
20685 13038
24629 24242
1409 19719
3626 4188
19789 22083
12523 27365
18555 10556
13507 16684
1745 18972
29229 29709
21637 6652
315 22999
5119 16824
26205 23726
21730 7790
17774 26682
22426 24483
21868 4214
5685 2220
15077 10914
20321 15803
7589 26212
3476 17338
28816 12371
1143 17485
12725 20901
12551 24892
19755 7802
22088 14596
14611 24492
28031 13006
23470 7303
18292 14866
17386 5542
15654 4661
3172 13761
20480 6514
24624 6527
21091 26253
6286 15582
6824 211
