300000 6123 2000
180917 278971
41400 165032
375 233223
236098 170490
257368 257081
207317 106915
246940 254405
222867 192258
278978 222456
96091 81128
261280 69813
196073 58860
289517 18450
197853 37796
33882 298297
146034 47540
30717 107519
207590 284759
281820 106353
50333 278459
249777 218123
128698 175084
8355 169998
149876 281524
157580 169515
250086 198844
210043 158155
214527 128288
104137 155226
77129 95370
1625 114318
275227 149784
174715 221930
82645 60473
181975 41549
146426 17611
173999 165632
51900 211067
163572 229621
33879 61046
104713 34598
297848 228565
258266 200376
298928 192389
142002 296463
58487 219137
224677 279163
289484 129097
59045 63531
47408 263139
81870 103865
261212 55256
260989 27421
293601 111916
4781 290121
185913 212639
39051 191790
58117 87937
166329 114789
145561 213342
207464 152476
265995 279070
181427 292594
213707 137153
293182 61124
63999 299103
150925 69992
239696 70776
227411 247639
256632 185965
126336 180929
170006 68782
191438 244272
58784 61904
80895 68771
8455 241232
47486 124292
266527 162706
99060 109181
164377 15886
294844 202769
74089 168985
237484 2739
268625 229113
279442 108932
299129 294953
279559 95206
139878 51591
242785 33148
1707 11859
242019 23824
47534 115349
28761 92680
1189 145458
27583 60371
98233 58346
65237 266357
61581 12851
12879 180740
257307 161438
10480 122906
118973 256524
197855 297805
29390 289082
222433 291735
75380 164384
249841 187624
105420 106914
93548 43719
137157 171109
79020 127230
245139 190923
277197 144792
140823 60015
22648 77981
206388 88274
44189 250425
117915 198011
66457 184872
196381 92188
191249 233600
16874 41169
126055 298948
88390 5957
265394 264868
145090 123191
145544 129475
113474 116589
36344 46425
281742 106340
196355 73341
51038 79337
79741 123458
256420 265600
39702 226955
290791 137353
154987 161231
263498 71290
259918 95971
144083 199608
88317 60812
20527 36461
205304 102639
239861 233093
188490 233370
20010 276464
218886 144829
54481 264004
127322 159927
184678 286129
194135 50530
2164 123390
21324 290046
117368 257869
167091 168651
61943 290096
117217 239649
248266 237122
34080 269134
150191 162478
7649 196870
231755 223559
179350 180052
158682 206789
211079 147394
256003 180315
164166 174187
7249 73305
271996 15222
50988 167057
76369 230700
47611 56649
200820 132587
152383 29431
67772 15769
69190 104480
268348 190433
217091 128841
235416 164636
155026 205815
97966 146211
48504 178765
125537 76450
35462 124023
44710 77359
288220 243942
75660 108334
75504 170745
205724 70660
293046 4420
75047 261918
135856 107211
291841 169576
48982 11261
154109 52720
125037 268282
200222 161772
82559 241234
234489 49025
240357 283237
158258 60489
103024 235569
15821 63212
250590 234023
295669 98572
59950 37656
288978 656
233441 48901
195349 127869
132019 16825
270815 132465
56663 110186
114653 242262
177019 20428
168423 144757
298422 148955
226404 156892
90358 184443
156507 274565
39328 245448
124486 39629
60226 165563
251477 197303
82995 225119
114597 261707
7473 270806
179922 103161
275924 87021
97815 1626
65537 17436
66988 33564
253819 24746
133557 121367
296512 265931
221858 247691
70441 288511
116175 23341
103465 168129
130857 100808
10763 186221
101763 121168
152792 37390
111083 97200
253775 64946
164645 6177
245145 210116
179320 125462
117489 63268
120544 151119
34766 71217
194051 30682
19674 14762
284518 262824
253307 286059
48465 124075
39621 42681
84179 38041
194299 247080
151501 101278
47789 52178
34466 220799
98274 59435
134490 50638
93190 18975
67981 86147
166480 253861
147354 22548
152016 83445
146111 288919
257340 246358
74438 31651
135767 145824
21930 273640
181328 250382
179198 261163
132507 175524
186717 265992
297719 161324
83850 123590
255895 120445
233938 81082
164258 65910
290179 199037
164567 155813
53725 167303
231091 88621
133309 83696
84666 95476
228682 183285
153756 279864
41092 135969
209461 215605
94935 32069
223262 137241
16108 222759
170590 88586
42996 167906
91329 232626
242724 25871
261620 226636
133874 109438
25389 287344
93753 155778
111001 183284
108339 111026
194007 259525
3202 217296
34013 80602
50244 279564
216580 276762
90552 72452
12700 176920
127539 180565
123972 43689
233965 100594
144162 158673
122494 237395
86118 74166
9806 261107
267732 237124
162350 210108
80175 290815
107208 106421
286014 284051
96055 235912
19578 243134
128405 112891
189642 48159
46947 235007
108383 182413
236439 115618
215573 88608
89490 208727
279424 101927
13967 196331
17805 124243
293989 193315
245529 23053
195439 164051
66902 198393
136401 218135
299458 127699
31992 121781
79345 161589
19413 255213
59334 117381
108335 113894
178558 286234
63732 8764
130118 114729
167635 194857
261644 177947
13980 73253
217146 137497
215985 233707
107592 222704
55393 54743
80236 106010
190613 226392
290949 222715
93383 18205
265126 214551
154271 124421
205057 239749
239662 83416
227834 63897
134252 178466
86824 33927
141609 88151
216668 235080
264256 202914
169272 122961
246522 1460
197513 157695
251919 58743
272059 201599
140489 29627
224097 183173
207127 282396
272668 260632
215526 66593
190644 157408
290946 295303
4837 134
10460 209474
78634 212549
134339 83909
46310 172125
236044 13744
112117 48707
6384 40224
39804 136306
158387 178011
293634 135421
9303 244975
218300 16968
263592 47815
46991 189201
260544 179696
231106 93157
158140 246920
107034 213586
136014 249430
257024 108413
183303 197942
132260 128688
230429 202475
123329 64309
241197 99235
74623 216493
280736 284480
271295 210146
117240 25039
127870 118082
211851 75015
293489 174516
208638 252486
268950 72812
158554 112273
170587 280957
184835 234721
236817 209891
137360 280892
48126 148816
209231 293069
224015 267998
114049 294700
243034 81661
101989 63156
161245 11631
295181 182046
227845 74395
133334 274320
222463 123657
74893 34100
33540 123688
165205 59874
110886 222171
188069 2741
65793 13505
272554 250316
240880 291625
143052 124354
26202 139755
244859 201081
135235 16815
171424 4264
169145 154585
31391 18169
294067 184153
176567 91759
121247 17367
297759 192713
18854 74351
158689 244224
34031 205795
98736 147382
162112 92533
125792 56420
36873 64114
175732 90233
117124 138265
89690 34412
33126 94795
128340 91234
12666 293802
294899 85350
82 211525
34420 173171
165273 124643
249194 280897
149696 264895
95601 75914
129903 47129
263127 16997
130955 79526
832 187053
87197 206972
63710 36464
265398 243854
48526 36510
78784 145899
118078 260149
264498 197111
135348 51219
253248 151759
105006 230334
88618 135232
13891 56464
16309 44415
203896 245002
103199 117323
176625 214604
34451 74996
236681 199969
47522 231691
258868 276849
160421 292148
91827 77514
2506 11070
65114 133860
78282 297959
257587 193202
237480 189723
183159 195104
112584 134487
164868 200341
209353 274397
145780 90088
30974 151962
175370 233710
34824 253196
3760 212617
127047 2872
156690 786
119136 260102
291595 286036
224995 269655
188604 70358
239897 171957
299085 33322
50044 92979
184034 105091
250519 173657
4863 21241
253752 283386
66793 277861
64025 257257
111711 252053
203039 119499
27577 55133
90907 126013
103679 160458
59071 102430
152806 231961
237836 38319
145159 125401
258323 64825
135875 150446
195317 31312
163828 294803
176487 14521
246449 93961
94045 256533
92483 241026
281460 24671
169316 194912
135418 279348
191923 121687
97945 3271
159924 102173
72279 234408
233885 120869
29680 167918
46822 299507
262630 276802
272197 295984
34604 101871
265874 99720
195653 202154
101835 53815
103206 54062
279410 190398
36681 209757
274007 267814
90533 135241
205151 143907
201276 153122
173387 32590
91686 249542
201944 57052
98474 236086
249820 14239
140619 214235
144716 212766
188157 229914
218721 98497
80949 232481
283881 259831
128362 229630
275589 147095
75123 239695
259643 253783
138717 60517
192323 57969
228435 40411
210512 16573
260510 198080
75120 14841
254607 237085
86820 243193
17049 294454
132824 275971
188836 69279
130107 121550
99109 261575
215348 189072
101229 16991
48283 96362
97395 187729
101272 17657
274136 17322
58674 219182
38033 21535
241951 241611
166647 270205
44185 223172
177369 234778
97070 115057
173271 255996
181764 206457
118164 64153
169089 193621
265576 79249
4942 69338
1790 20535
196389 18967
1322 270273
199198 287479
61680 169318
562 106843
254168 249047
98394 155691
161467 147856
276660 155970
112913 224263
90718 278101
118264 146530
183944 239176
110394 112451
279088 120075
265747 184796
8656 145717
356 296373
212658 40952
147500 62994
283916 96872
35023 123113
255975 224283
14447 41364
133734 93963
88279 230278
107634 192505
265916 47948
279296 75052
276633 40074
230926 148962
218487 162994
278701 211411
122856 70312
90248 291502
128040 293220
186228 117236
239620 208958
296113 117061
12771 109498
260561 157526
178109 143171
28997 213890
209058 60830
128592 127951
152105 268956
192288 26261
152383 187220
109767 226184
73884 35996
290959 189625
227440 133442
180013 184710
4925 297002
246047 93047
236467 125553
156841 180515
88935 216806
278142 297728
223226 248402
85877 90601
155961 155050
248689 210748
213802 256887
270779 250732
119105 39204
20528 194054
211094 143901
89654 116036
13496 80168
147702 137607
174623 198611
287504 249991
288066 90918
265867 185881
126074 137356
165904 115773
68937 195897
209398 166991
255125 245570
281554 186546
228816 188671
164450 95921
120290 182125
216701 143125
297054 60384
71638 147459
257837 169855
247499 35887
213704 178143
167698 259965
3237 152065
264658 12568
117982 279993
202846 195820
227007 299164
212069 275922
199385 111781
282109 129783
115685 289292
72343 189305
121306 2741
285073 298098
44704 83348
175196 228213
281004 136501
267205 23628
102655 288677
178134 68096
153132 248622
73578 47575
1219 60111
56660 6201
21106 179937
104564 182376
250313 69980
277183 282701
261177 8601
30138 189926
84572 14733
34474 269882
250319 77824
110415 162878
106447 275500
152245 50369
164624 189496
291316 122020
50370 223786
199788 140591
179501 241971
2791 268798
16111 286591
297207 81188
222429 297194
33978 56175
83421 210672
233816 283883
147843 210155
285809 134721
254661 36083
248663 36634
92640 98348
120279 256948
175884 283341
111217 241056
298689 61901
292485 292947
13527 200882
88604 151571
229757 44256
120972 77773
41635 233701
175490 106207
121796 86400
298338 168236
92469 136280
101711 42548
624 274648
258854 10040
57388 48908
285673 80056
9584 108373
194568 114969
104450 68084
197161 271978
48431 183615
173340 29149
112399 78435
91101 67756
81389 169044
213337 201633
152036 226356
46156 192489
202012 115897
94188 66800
291099 79553
293090 13576
211335 113467
36394 198571
299274 146666
1983 19912
231545 102482
62486 179619
146158 229107
31193 55197
33309 46487
246951 256249
225896 210673
40493 121153
278077 100207
281847 49508
254432 195224
222671 56239
24351 151992
193195 229824
101903 288226
47147 47988
75519 42063
188433 239495
96891 38674
153814 210505
250403 67582
279877 108134
12163 119759
281847 135713
57430 246377
261521 230106
61076 254685
297781 292583
172946 42171
14538 96819
53372 145558
54875 68795
298404 14881
151089 23755
268673 276524
277514 227651
7649 255387
253588 79793
141100 102243
230160 110752
284420 223975
33441 48394
20571 206179
277100 24605
113826 256701
216761 12719
293455 168794
117408 29800
144063 161884
286688 168017
83453 270028
62852 10770
2483 25874
7392 64278
189480 294908
268813 77321
292672 233034
245437 147557
149650 19465
27015 275087
48510 263513
18403 130584
279821 92464
190267 165526
298929 205159
160618 74682
157205 100771
61978 240649
219044 114563
190955 293114
197529 243930
157317 250596
211793 157568
170804 105799
37006 88327
163568 255672
20195 163063
189578 35041
247243 34367
87491 174289
62940 108074
23138 52233
89216 184201
244809 70861
264253 28342
87324 87478
35547 140313
55962 188894
55461 251949
278923 272202
122548 112913
207942 216612
243363 32177
110888 51591
261716 67931
103819 153917
5339 57250
283805 36081
167722 61315
185373 25649
153205 122875
264620 199123
103731 11509
219891 244597
21180 125057
147101 205664
238820 153712
80636 165678
296223 30727
96344 218451
246855 173998
86455 116194
281012 193954
289965 135543
65739 40835
214770 104401
2188 83107
266915 27674
143822 195450
258841 213638
120543 275942
203993 55565
238841 64049
133969 75380
62951 268698
220869 194373
292337 178334
228026 2377
165858 126089
101578 262191
272550 293450
267606 156096
181869 121729
64076 157305
30060 65512
106388 265353
23307 160797
126323 127393
198093 55115
8493 3207
225088 53181
64807 102468
5826 154910
296038 135645
142651 176920
33938 91329
75285 161860
56025 183784
110178 112641
27380 172241
80824 180587
150140 277100
156168 162390
53417 98794
203013 248595
186976 147281
180914 239252
147689 260482
197230 146667
217307 297132
251085 147522
193110 10665
256387 64587
278520 223158
270032 150008
210701 190951
195174 25201
132640 98328
229366 173275
62627 77300
232982 43000
245255 287213
203914 103101
258228 155913
14396 221376
172640 208604
292021 195286
23402 105804
30913 66994
35235 13266
222351 116838
249365 100587
234414 102818
75089 182781
102060 174061
226935 59394
282564 9315
168015 153952
288153 259850
221483 252684
14992 8838
17111 28541
49137 270215
32715 48351
205888 252751
37129 41146
287473 137597
95337 68521
68551 193312
93821 291089
264425 89539
139627 93237
5980 274421
100913 188526
91166 8441
25688 47234
109324 1790
89116 73497
154390 28009
15083 68139
85015 296063
294156 264485
129230 48244
260060 82371
37245 101617
176202 222894
122878 168037
74162 234519
278959 242216
29783 286367
197739 6065
227922 291712
28329 122400
65676 105041
79909 11502
86265 174332
257644 149220
22456 203431
282537 49138
234077 63264
228667 24746
4567 191468
99219 47551
48825 31656
19858 59970
146298 290627
16038 227173
276003 290961
102274 284590
10774 260033
169097 118915
269218 263961
40372 278563
146813 9437
63800 225611
165509 230459
223349 77070
115778 197694
68007 223178
135477 10106
13757 217184
23905 239537
56922 202905
99391 42622
210561 50115
245217 64519
35831 23198
35939 91450
115790 110522
111226 278259
57429 218034
142380 217684
35193 174903
254999 294350
274565 145296
122576 241245
290847 159143
227212 265197
101421 72129
37465 15452
148514 290104
47099 83486
262532 241539
239217 95609
12916 76265
193250 138142
215039 167456
118101 131487
48390 172091
241145 247405
208894 73838
110054 48181
152986 5432
724 42735
208310 286486
130833 161744
140492 139218
294780 44858
20602 282595
73668 136127
232132 279592
164000 30940
239599 21402
264080 145413
57511 25008
77178 153017
29180 35533
136857 273715
78609 11768
28325 125937
150083 32187
158675 167826
215223 164853
32116 65551
115533 48687
83606 221013
296168 224505
63331 114594
250186 254784
200491 120921
223834 475
188667 172310
260918 130639
280599 100318
28765 2758
290472 161284
107019 71465
93293 48625
148531 237859
92049 147377
14124 80109
267208 160350
155447 208836
122562 229700
82772 96311
86528 209281
264349 285299
144000 297309
244330 165883
176306 24548
251579 67976
176435 216085
258189 13251
205485 274885
194385 46508
106454 151047
286730 97772
271686 211865
261592 278292
38732 221928
129409 266344
165250 239704
5046 225704
30105 177450
137962 283967
143967 126456
147065 143207
143547 272056
298880 126932
175900 91706
2855 209771
188159 239737
69863 176740
177855 276243
129403 271601
118404 13117
54310 215851
208962 1427
136863 88856
100650 7979
30819 240033
199831 121386
27086 287711
37365 240499
255334 653
291334 139613
141833 72881
81315 22405
273535 4433
112745 245231
16401 232813
296455 101867
112336 115888
185149 47706
24885 15902
176969 143748
81654 185226
148656 88298
59742 276673
91471 156733
93454 128956
203820 64082
280889 184479
106700 57526
50319 203207
6047 286000
200330 188258
47404 173646
169458 198357
86860 121682
145669 215268
98788 298499
90382 38508
49077 35273
54470 222687
169241 160078
52889 37887
178048 171291
199349 74948
184135 200053
34238 126391
229231 216281
173198 126166
174507 188723
61511 262371
186493 232225
230399 196657
152916 127308
127098 292475
216645 179526
144930 257323
124326 203132
124878 184978
60825 110377
287153 142738
237759 218484
96327 133707
233105 38986
232936 82788
9510 83832
16061 274185
167501 41813
85666 162108
223052 24180
16770 242644
48743 172481
127651 191133
246366 89643
74605 207131
956 130510
110910 262855
212648 257916
98787 56927
3456 158274
115301 150709
3650 29729
52882 80194
55487 73097
190217 212345
251627 182334
139321 73811
170872 159652
181231 143157
116348 27173
95471 141511
31549 137744
96785 249761
196815 192261
66065 169139
233498 61314
239460 266074
215526 18040
146410 75968
280275 42743
15885 72227
110309 220881
95110 239040
108018 255903
234757 276815
155289 259180
196830 46161
143310 246243
128570 74706
146181 170066
104021 191408
281762 54685
8393 194040
82112 109580
267173 122754
18291 141686
115318 102291
96701 282486
134271 282348
287897 276619
258795 275941
236283 158176
4730 235201
246189 279637
217419 199064
198818 38520
296793 97512
14621 50250
36295 107999
166632 239108
265898 280778
62817 240630
11700 237856
267271 1765
161135 76190
270964 67883
46955 22759
47846 14705
20236 163268
101821 83037
122133 72312
108216 229164
278900 56603
294409 158616
65395 299441
275890 43755
174796 143950
251729 83733
36988 80635
191143 91421
155078 232592
27539 145117
37600 264270
264307 293936
395 43451
277404 147126
137300 146282
169966 188271
151624 103257
75837 219481
294375 84312
282082 248848
44464 179917
234211 59119
150388 62592
34566 127969
3640 96966
253289 111399
38545 154910
197167 85815
123513 233516
100946 243697
170457 54098
212135 177774
212431 25419
254639 235976
115448 74691
123418 70746
260841 142782
114639 144267
108875 129066
44500 292603
144455 21834
170282 5452
190743 167914
144567 88183
94898 69214
45099 245724
15865 220458
261508 108746
163221 35563
291325 134661
97198 216292
112435 240309
278303 120865
38016 234565
288698 257918
223629 102829
141504 297796
154280 40531
160932 252050
114647 138674
267223 53528
212228 247288
85049 134324
180261 26245
273224 45695
230848 7329
245104 250746
32124 197363
131778 201039
232077 57729
294039 60529
30560 13744
162469 294605
5866 167887
93262 19292
83419 148064
77195 121366
216661 157187
142286 54533
232646 196130
121724 219622
257906 88209
280445 261886
209316 76907
32298 179854
79991 169509
53248 77926
290222 214403
216517 96713
137496 240028
108174 286535
33503 232401
275163 156284
143958 143553
20756 252444
252397 28536
154035 65
168700 39226
190568 207441
287101 247466
17751 23107
38058 234117
221329 120616
196749 198663
138760 281422
122096 178031
226243 84779
151667 111349
191481 261924
5028 292974
157815 253990
116934 175978
56472 138137
273038 212372
159579 132739
298759 14068
169540 134772
34263 75567
28474 230411
17619 115978
112082 125735
111023 244476
210381 7047
93705 160489
43194 24037
276245 264865
118194 210146
104436 139994
81277 198578
134774 577
43719 148751
57249 284943
149372 123963
95750 40553
7939 118694
230671 25498
239543 92696
254175 218244
286710 61699
180658 188577
88086 45932
103841 184122
64109 245225
252653 114868
199384 283186
205328 117306
87261 147808
40995 17728
159530 30876
105036 108812
226734 274895
80118 289765
103919 181531
229024 171166
135668 126132
135365 163898
218720 217837
220593 214460
245406 73332
168371 114265
220935 177352
196847 71904
239922 146440
134173 262659
153517 268312
245599 295344
105019 152891
1972 283369
32822 262749
4849 6188
86607 233612
103626 207552
25914 59869
200526 298105
112890 257203
215815 273380
43149 26014
118294 260763
198940 162656
142534 76480
89319 40557
53340 146958
54103 241377
130734 278309
78017 178872
214536 139998
140654 104888
117632 192969
37084 273436
72875 59798
140862 17049
266501 130162
32318 36413
99062 243191
140181 96742
216157 236666
278849 82407
64163 257895
39954 295941
105674 268272
254991 156162
75636 234528
105460 169432
5702 253428
273207 108282
145891 2781
107172 209141
160065 38990
109298 199819
12599 268871
164371 201147
132683 259373
136527 245488
225887 165893
33582 84642
131633 50704
208647 52801
16381 224836
66054 136395
172132 189280
88688 147978
269869 289145
140406 41730
251461 150195
14515 278103
248698 168274
280096 87092
197088 255150
279071 269500
230295 298911
245760 240897
10577 286836
29406 225520
220979 134946
177248 127202
7011 33763
42118 107453
187742 222558
105089 231855
194869 221237
126326 176485
177982 258612
43225 192755
287550 274517
22428 87784
234184 131702
42694 289189
242346 194031
187084 221530
40389 160505
69156 67630
142344 177465
275955 98308
24521 158744
96410 26136
85494 8026
258878 149611
288836 87708
92234 131071
213260 143137
64463 284239
142864 55021
195277 299984
97560 128782
274234 270786
81227 43273
285905 56961
93187 200027
155872 259930
190622 264730
288561 236263
163610 291070
79850 223459
94698 279738
54929 50879
200511 181948
161702 215157
244379 242426
194415 233703
261657 186541
33556 216236
199585 98240
250928 275167
272700 168112
57564 169204
163284 201412
146792 143459
185482 57768
270828 204775
69931 280928
54331 275924
26985 295932
47106 198108
138304 144214
195338 18956
142646 283105
147692 69018
136865 110888
116948 135652
162890 247487
153831 10766
178005 20909
99864 53273
163725 184556
208298 164593
149488 239720
171192 246676
206296 198568
330 267535
45208 145564
111507 276579
136818 145283
252607 254226
133104 204864
189460 110014
65880 281927
194139 63673
99278 210334
221111 132751
65980 287645
187292 98457
69719 126415
201600 25845
60791 279060
137102 23780
107338 10887
59862 213530
268285 126608
248742 103936
110961 43792
296554 117453
295867 56230
253702 137353
100138 298003
245971 225267
252535 247614
79016 253409
173205 190004
197914 295683
294127 14692
180760 145372
151520 261875
11799 108786
105456 134296
126272 208401
264115 196408
160894 250076
22735 122737
165969 287624
241053 139006
81295 192494
46323 103280
163993 65862
6864 279789
204738 24124
285679 218574
130240 253782
99239 43183
76833 193540
240738 51739
19814 241176
204343 70744
199728 284678
195152 244348
274171 115159
176750 227920
219936 26325
95389 101838
16925 131999
111246 85747
75531 72831
10573 287192
66755 210656
164961 262446
180407 82245
209563 254499
56397 189617
151262 277881
166511 209291
162769 66383
101105 29016
76050 122865
291759 56461
234221 159726
16444 183610
10981 280970
120426 232068
102497 239411
145058 164924
73699 28342
64305 160116
265411 203651
49851 118771
30523 181292
46787 272614
279068 111354
1015 49534
217213 103203
295139 243827
296924 106786
210797 193921
139599 95586
128189 190759
285578 28460
192700 217175
49853 22684
270003 19821
255670 267156
184361 273010
29011 95855
4547 161399
83005 191208
66466 219763
39820 165488
195350 61561
241289 76662
157892 217244
8037 208607
267210 241966
110919 106511
132757 172070
154358 179695
70492 137124
6594 219025
131670 125906
3023 32207
114420 193107
105178 206261
135678 260600
211018 168290
62054 244467
64500 271630
96853 65846
158039 260325
20338 282984
277836 288158
74936 15645
90961 226066
143735 214677
219458 4820
8194 13928
166228 119687
235380 62083
34026 203431
62291 79294
37755 260243
207229 109420
201815 59195
262240 195336
156572 19087
101004 298904
172943 268221
28522 124213
75176 110797
19332 245095
156460 14588
252515 117996
62310 133446
200292 89840
125186 99800
190837 168701
138347 163528
161689 91541
283376 38088
196080 15154
296330 134912
253124 179795
219383 264086
228426 39829
284443 208495
144454 123590
279193 156586
275311 241348
79151 235683
133835 105682
92480 29345
194334 260956
115156 10566
197104 72703
106800 204004
254745 44584
13418 259470
110040 2709
293809 249724
196264 128295
268221 58877
155309 85897
191509 99662
240355 286100
176366 3228
222781 231156
267136 70842
278248 23651
123952 27858
151047 15911
254821 201608
278672 186381
209169 19118
112090 52677
210662 168448
135956 261313
260240 180800
173690 27211
171939 167424
227219 160536
284564 35586
79206 50795
178807 54656
83231 119820
240726 181807
100010 14955
82611 167586
289648 242191
103295 15485
220679 143237
11753 204724
212772 193799
179658 91912
94345 70933
164394 147056
219502 181076
111680 251090
77104 246324
137506 85278
208214 114701
18427 247927
144910 118959
199538 237459
128540 262288
42244 36427
110667 134284
28655 220416
200470 34022
147642 223591
199536 159520
109179 35109
31871 66109
199057 91631
43369 232126
271663 238214
70445 69094
115992 80258
153740 88047
96631 215813
117723 134058
279073 27945
124794 181593
156678 255368
219749 297597
21620 83021
245570 201778
12368 285749
47501 215492
251496 275126
137333 120659
199167 116217
171662 181859
188871 27731
63365 241719
105599 4737
153482 20726
247948 224062
151943 177290
275150 9906
205654 9773
111235 22869
278581 112815
88680 112338
40200 272024
173098 248621
240389 24057
282238 89362
240126 142990
137439 268191
152640 177402
17050 239223
21774 113461
66043 6926
199219 6912
171724 180565
85355 15739
194121 80025
227852 254405
291059 6765
223290 247169
64286 140335
295590 61517
246746 201679
191339 26070
173886 292177
163498 236767
106383 15740
113814 245937
56914 223959
71146 3123
136907 117367
221928 137053
243676 55820
227084 179595
102829 146741
114147 156918
139609 131865
90640 70419
100457 104701
117998 33221
252189 19334
266091 217723
268396 63606
222794 221991
177693 62023
191372 29761
277717 259314
140698 224557
45238 240259
13979 93684
126808 159426
224073 132360
156281 64806
57277 114721
117127 23049
108419 274990
114170 142041
158353 94146
228745 211671
85951 186283
65257 255880
56266 160418
13751 192676
168847 102825
52205 257699
206100 233428
275695 45623
108684 249311
283341 159860
256587 45154
3438 104288
296133 40985
155094 41599
112589 277138
123514 40361
106136 284517
269969 170739
162328 38519
270831 243506
173992 247789
225230 200829
182372 242240
76279 217715
280457 116829
27424 1825
144408 73675
86857 100017
212353 102497
46910 2473
41462 247672
261251 102468
22162 121101
140059 209244
71574 22597
59218 24136
13501 253609
276764 83483
20741 208938
224886 89815
73981 233364
137000 263382
19944 36383
297356 72520
123901 68623
185700 28746
229487 153979
127916 134821
48350 277943
255710 296823
143788 223677
79782 63710
215798 175075
68974 271012
277588 162116
15369 176172
67348 191076
198325 182197
94348 124932
1575 104503
265986 95521
205991 72795
34349 66682
228437 41089
253029 37611
214643 94725
251700 51168
92044 35686
212988 271266
71326 132012
242273 212873
106699 119264
157212 243240
20042 233853
63349 275513
110384 162479
97857 132368
299771 174567
185144 235588
170297 150367
21876 244227
167089 69293
51404 113819
211943 40683
241189 221696
230385 219971
186040 265000
145409 65412
10917 277330
74175 51228
9378 201987
139326 270114
140056 276758
140581 159888
66651 88557
269181 28813
15627 1857
258805 130305
170826 41217
111123 42103
86649 42127
166706 225592
145706 28557
229041 206381
233868 77015
101335 132492
30416 282043
239382 271974
123975 239645
95551 181447
298824 10598
164935 190559
124133 146952
52679 98078
252429 150741
246734 223379
207064 56316
75754 208776
30695 30963
81343 193025
222320 271722
3235 15175
153953 90343
189371 262254
98318 86541
236796 51858
132857 22390
197652 72505
69879 44101
194814 78651
294333 180263
201959 57438
239232 10082
5356 183361
228099 249829
62847 164301
38284 5123
78564 69996
31754 149572
79760 280807
130354 42867
258121 69440
60662 280717
298868 282097
49967 142957
103598 16661
268617 2067
108199 216197
23298 67579
242785 132003
29272 229913
167406 3273
108092 287523
75972 68360
24122 42988
189884 175104
135089 161417
234601 262900
118781 2467
15673 143029
265577 241728
281585 247898
168439 65691
105072 174910
72207 150915
182141 227576
30674 7943
60840 296926
202158 189784
254731 166889
237009 78044
220570 141540
257157 126726
123341 284893
196471 136382
136778 236337
41456 186123
145081 111933
195831 104568
212274 134540
277707 238255
36538 207608
218834 91812
45029 215672
260488 114507
147098 143955
13772 26000
175412 230601
248781 134673
58575 108974
234874 117936
160157 38830
2977 149312
25622 80289
216276 105772
150665 98961
297174 275565
68638 104301
75793 103656
131928 212233
98466 143132
120946 255153
157382 275930
6896 158744
80499 263733
121623 162835
163472 299378
149097 164862
136192 199549
298668 201281
79138 157070
179940 39470
60883 129601
89697 33576
191222 22801
229400 233646
161732 57012
183410 244159
196197 142491
114316 253658
247481 115611
28038 40718
156121 67330
235360 13725
216434 233008
37927 23219
141953 231142
206039 18705
59031 12722
291019 157768
85141 252081
51815 257384
98208 196809
133472 69571
85904 237504
74959 14862
250976 205230
232037 159127
239803 65426
63907 11697
105765 218280
35669 36106
273185 184188
213073 140607
210411 101167
69084 287663
20738 21000
293750 41105
29215 195590
197876 198895
236160 285355
14288 109045
8050 116919
13127 57197
87147 228740
231280 289127
58082 68740
221741 132013
2091 88023
258541 43148
290891 38212
231729 97282
9474 163176
182579 14686
10643 173796
38969 201649
2023 113813
295975 50539
275321 169768
133042 11309
158704 34083
155617 266726
4154 34259
287634 12246
173644 95085
202687 290192
248515 37385
188350 256376
128666 233517
240225 181425
202012 194771
31822 233285
184181 2479
208976 278187
43841 109759
293449 27005
259677 58161
252554 15091
197779 195723
281453 10667
221077 85253
61887 274682
59875 69889
49800 254897
209952 88793
288273 55001
174839 273969
75909 5455
137704 51592
291834 180402
127281 265616
221259 158698
103331 26339
57585 195655
194595 87707
175250 248569
202921 288943
180620 143140
269617 108331
59532 47322
86657 260611
57801 195319
187057 287793
214191 63887
257300 98136
24482 168543
113610 231516
15443 9170
42683 239388
50885 253284
234108 186884
120048 60020
65632 129013
284942 179863
254644 141372
290102 247311
138416 217977
275793 160565
107966 293816
233419 145340
234682 47091
299708 4724
193300 244024
58530 218642
295886 176931
99160 259164
100020 131515
184954 63279
287901 95018
297646 203755
34585 108737
41780 291060
219985 128980
229040 224144
296066 289654
281705 151396
28111 31206
237941 30183
204950 116705
260019 57685
245182 211366
31241 5800
103641 69930
173 128339
43814 68644
4577 101972
167056 209622
217333 151727
187082 211252
190606 82592
4197 205252
257415 219858
122769 288242
3416 68387
79591 101638
148295 102636
223659 244430
190593 24932
54662 239611
252637 278419
3361 121922
27132 212238
10076 29617
195679 55495
291996 147528
269817 126470
79886 17361
259085 172259
34966 25393
103097 90
242056 55226
286898 116933
190076 52493
148703 170505
80331 79016
26354 1566
224570 179056
211436 117475
147252 250936
90232 290442
16787 286024
206586 70292
181175 237681
45186 72794
182164 116624
128166 78365
143918 47610
218449 191704
117262 61083
291814 911
241242 240790
243656 224391
50823 159788
99115 233476
219355 256383
123145 18782
121325 252037
258609 291769
212157 196045
295155 211188
87719 205723
244964 81641
226127 1683
10971 103686
64393 196360
177539 8467
190003 259794
34942 223430
104626 104515
71928 191619
110430 146972
226442 39027
103813 203311
195922 27488
238400 105554
16513 48476
175546 124069
9125 122604
105216 10518
222891 230580
273016 64192
3891 104326
24262 245021
126156 260210
80484 239207
199358 195253
218940 192253
27019 39718
235967 201433
2177 77024
111086 25124
138449 164211
20228 26328
90546 5234
35349 246302
198660 87936
293482 131726
261441 262987
132975 205961
112870 227393
69318 68755
143884 108422
280679 138398
13431 10771
256704 43832
186112 129556
239811 156667
195720 116843
246837 68037
229161 237715
19739 245123
132866 120398
100811 108557
208078 200583
259513 114093
235586 269092
120071 139661
151792 208519
156093 196927
201247 107560
138660 172605
238190 40726
235809 245889
243842 294542
143964 213185
162934 104825
66877 63326
121555 86969
283809 222824
241959 107760
231847 116442
101997 58022
186873 26357
104323 270144
158290 112837
217745 116733
173357 278890
204411 2611
272239 19039
270810 68281
212175 168508
160640 98825
226578 109850
214781 295319
65623 92832
150338 294972
9607 124734
270190 287591
86409 93909
131135 166405
224508 167059
268405 110953
37146 189684
256231 143280
59951 74484
133458 10772
94597 14911
290927 19338
279860 173776
116200 119106
112889 219573
77274 284342
76492 18319
235337 146213
123392 175212
203844 138569
281438 159054
198519 102499
137838 6712
289626 81229
276561 148037
128983 269052
77781 223635
275679 269623
66426 12712
158490 67975
22852 70204
69470 248483
72492 137306
87946 18322
112726 244600
166508 23545
4287 230880
211117 92895
263221 246789
152681 212549
273304 273252
196343 262823
145703 191663
243024 63685
38894 128869
107801 126436
254375 143169
187733 40500
267356 276606
186222 77154
188190 160405
76462 242912
18132 23305
41810 67382
268011 289094
67747 61945
239964 250178
41563 262951
182271 218717
50894 280784
97457 114645
286851 211719
281323 75102
229410 191924
18879 34315
214368 141608
157433 125648
46904 132805
265202 41181
237453 21349
168604 44264
12846 195170
164419 147888
31939 59739
101843 11054
173928 216319
64692 154589
158108 5362
227979 171914
106514 109052
294775 184416
13740 231068
287952 196932
156762 161485
126346 167874
260797 51610
184383 50131
289751 282224
133472 168137
234748 214471
111862 204107
206900 290083
167498 30871
141297 286561
23459 249172
174196 28955
162582 65046
226088 47418
152462 168393
177865 182394
141352 22829
158430 177280
58521 245710
82931 90412
34450 222199
37687 254551
298180 142512
14842 210633
55278 96440
269687 269839
236881 73461
268482 41716
251794 102132
186358 12808
103973 285327
195353 177424
57568 208087
6219 20580
291961 162277
69031 129151
193947 180184
281382 232024
52693 59275
70856 199831
239337 33405
133434 67593
251689 54000
245471 108018
248090 198194
218617 272021
39742 33199
109435 36878
251415 35742
164690 69895
56115 208881
129666 64244
33652 75732
136944 124530
264617 247719
99702 218447
6719 43374
23724 189948
125636 33223
257839 160183
31135 290862
130745 109014
186995 26301
130358 163303
139925 134144
158255 182433
222180 60297
171025 25415
77598 68883
248919 76710
32473 128308
265505 53924
214022 240925
130697 112052
213641 61721
100008 3551
249275 282059
278985 159110
44036 37380
142158 66896
91043 287261
36465 209334
90992 245654
90339 280312
50866 131786
297307 298671
136218 259221
167109 248728
294571 143056
212878 214543
56205 46670
280910 133332
85274 158386
120427 38728
252733 4072
50083 294130
162556 101068
126438 149580
18812 170806
258970 243425
38378 152845
155041 175138
299777 150652
144497 13339
87476 150494
11660 89972
223063 21670
28646 104313
162996 262720
220989 186900
159373 91940
87890 49214
63103 27866
69761 128949
73148 149136
2812 99810
22056 88279
109179 70774
147008 160701
132307 158010
226472 3289
215778 260102
218190 273272
169784 42013
240721 108097
159718 207744
253029 53403
7643 28967
256016 1652
234255 122284
203356 178638
140047 68757
203332 47762
193612 192503
207324 7801
183394 276998
104988 26142
290853 193192
63443 102919
277512 143623
73683 123209
101216 133963
246924 144284
236414 214155
173021 199468
59235 39452
77179 45936
12172 80365
165536 101393
151501 56824
196177 122322
119119 73883
61419 50210
97562 135454
64735 204089
242883 178032
167870 25038
3450 287443
281286 22860
118932 153065
218208 188141
182046 186842
281400 256988
137898 77735
70062 191810
283750 138125
123421 187937
49508 75453
86109 187066
101530 92647
199626 213156
239695 288651
101672 156604
100380 235946
255591 236235
23329 268897
168849 49067
75365 21332
105159 246839
58867 80773
222269 266490
237353 270637
219269 94988
68533 209330
29932 74085
59659 50550
288154 52110
246549 240049
92924 52761
261984 77142
235007 280327
160200 9791
132699 251275
264525 231916
229467 178419
170578 159362
287122 259517
203078 70251
1655 6809
138204 104636
110693 192642
295020 92544
240520 236816
258553 297881
272068 71538
138564 4062
299884 116694
114176 281653
152571 193071
68630 256204
10941 240609
161712 210249
48519 186169
77048 248863
84552 200309
29139 87966
205114 40458
265580 234703
71050 238849
227535 250276
282801 244096
35745 98570
68397 257269
298812 228476
75499 212944
293590 204362
149178 274033
132391 76002
45098 200516
173319 102743
105731 272288
121073 267822
205937 83277
169668 108291
289489 80676
163387 150265
9830 83155
94035 290088
249486 209107
251681 174389
211728 285711
12966 118075
160167 174533
59581 192786
199030 35837
158692 203200
30572 68217
176179 233588
14318 121633
70813 189191
213281 133013
202813 297496
261980 71020
110833 235238
4313 78018
91217 33224
88802 176419
87047 182699
192490 194555
263246 236992
261535 112487
156400 8092
47223 259707
138884 188693
264194 67751
112161 119521
5811 208157
105145 32744
3150 31723
78355 139828
161545 63121
299749 51585
48519 286562
25207 173247
212510 244440
72990 14805
2121 197938
170646 266846
30617 210689
98293 192121
31995 40995
198961 298739
119599 20840
228556 44172
201115 32843
222417 88025
35253 185496
235700 93451
169888 248508
272342 239369
10383 10287
148686 82847
31694 163388
19388 48499
132741 248474
86466 57608
22169 296253
213159 179540
177776 231756
289372 91214
24843 215065
266973 102208
21191 182203
243075 21543
50079 272131
19873 281810
38653 211171
230805 73700
88817 121468
2557 121573
13157 98334
4875 19200
159919 213408
263674 128859
230648 290104
126308 122902
84764 169748
239472 158321
102153 244200
265346 15640
206521 270500
223014 38079
74148 60215
246167 167256
85341 278661
55242 184820
71171 151594
185171 176726
11273 240106
36909 9249
241170 158063
50864 295006
139379 253399
292806 201969
145869 244759
270934 155903
125824 247385
267094 50332
230475 269092
105322 129384
18179 92142
113306 259791
113036 118087
6816 147872
198885 54009
216603 68776
61987 292353
133323 272630
256293 22818
115006 236768
271423 5229
145611 153211
226329 253252
95658 212900
147898 37550
105221 254714
159166 241047
248030 189968
243031 120962
95360 184862
14091 43536
131177 259259
216917 288427
102663 238286
95924 92879
284572 96829
114340 271722
187891 85997
41845 151763
177523 119127
21363 236339
274178 218116
63942 163522
154238 34663
297290 77140
92534 248549
116510 26895
206043 235195
213154 84696
201097 1327
243426 46607
290293 60981
225369 20669
294745 81120
29279 238408
221979 234044
234185 177909
147137 180687
275702 195810
284344 276276
75297 272708
61036 13470
215122 9657
128406 10140
24790 121292
292392 94011
119167 22571
161060 171888
108047 175973
10016 100481
111448 79018
205957 153705
177477 214663
281799 106472
293378 141577
191193 207722
297609 159986
291163 138538
218673 20274
299431 226069
148507 242016
262439 214280
114531 22751
67707 170325
223903 73248
27380 123699
256155 114792
241821 137893
192285 83911
260546 127982
100042 68976
93143 98916
7924 270108
51044 237701
49376 284227
216129 242330
136478 195332
93767 239320
173533 133861
76584 280321
87464 278548
120799 137869
218775 192370
182612 15488
94273 86543
128711 48230
264806 20721
13323 76288
102587 44419
193420 97565
180803 24596
262680 7473
223491 165740
242775 73225
295888 197075
12208 233662
158882 61443
205054 299618
274139 141532
17202 113440
271057 134325
248154 49060
16512 290456
262362 222826
212135 162138
125979 119553
281124 198557
16669 115409
247005 167411
54313 112646
240848 295158
232147 170276
192326 98054
121813 295689
39574 279075
228320 157134
218643 135436
131874 16485
212660 56228
186276 205263
213393 104322
105714 210108
191904 84923
35670 59492
94281 100747
218635 40880
54555 190248
98294 63565
77504 274664
167712 156714
155051 225868
258369 180545
130515 143232
264141 90007
223880 89783
195392 245119
275829 284739
156094 110360
49584 233386
26566 237892
195567 274323
213959 275976
124929 218918
234609 266524
62557 104054
293867 173228
145324 119590
11786 253305
210330 298861
102281 277603
198082 248994
129070 133325
192918 265635
5620 83595
210343 207038
62066 33529
89411 225439
5481 216764
275246 179208
176085 80233
131149 148926
212150 226531
236371 139297
280911 126921
45167 17264
272350 297138
209741 176381
257953 226211
189997 220820
101691 158928
239912 179431
281561 1405
189199 285111
254407 185885
134896 267400
171869 180592
152319 132866
132216 65199
229171 106489
44723 14640
199104 102703
196702 167981
152047 63253
213195 261736
66493 254560
295795 84302
18464 123778
264554 143212
188085 242882
286167 289068
97397 18265
254295 126400
106951 81231
241650 221701
252952 186803
203440 151893
144776 12970
19868 222451
55250 259343
297282 201219
41241 189721
47133 228191
160413 220182
159661 123319
255051 59947
270318 125096
147177 199382
268779 55431
166309 240452
162369 71477
227256 42796
126886 118008
25652 239975
54883 227986
34703 227726
184548 38859
124136 249926
240872 42410
261849 115982
270613 17639
121405 161481
248485 240968
36326 182044
241668 187570
195208 33377
195546 12733
263858 160403
253441 194763
158264 41377
245818 280053
42244 181235
111533 34101
148176 162948
120819 107935
169448 220472
100321 101030
63094 14791
40067 256033
112971 25055
124850 232900
6709 533
195829 61502
104943 297872
100025 185949
126416 31527
110639 121307
270418 257015
113593 44222
222995 104384
291291 52569
228817 202818
231688 149164
117805 131750
269539 147808
101478 13147
223419 216831
129094 131595
30593 250915
199734 204640
86001 201774
225519 154707
100221 2025
281667 63185
111960 265515
206057 178031
66948 198216
77843 248857
178090 101860
79471 57813
103375 8775
22175 200293
287075 48917
260866 160089
299955 20556
107188 13176
275182 267819
191104 139673
271481 265087
240440 288594
99862 204161
291466 33217
78974 125767
210354 245644
262664 284013
155945 163261
131990 295519
182961 96766
77571 225574
226450 257525
181402 98398
171539 10510
42356 292489
279011 169237
215269 281306
111878 243966
174337 196648
115740 32058
254392 33252
11475 197209
163837 249470
21071 130728
213662 138679
163564 10515
143631 22254
41612 29844
152947 281197
192394 10830
262020 100675
58016 249966
289547 230815
44932 234588
36116 82296
146136 107621
185025 95272
195545 113406
36444 178222
174582 262548
111699 203726
208708 2833
276024 184932
115228 44059
3967 172264
64518 147505
259350 261679
65116 206575
227614 204187
253307 254354
194914 258799
241691 194917
56804 102018
212067 223635
81279 121587
249545 136235
286605 200720
252877 96446
275812 84864
141694 161383
229612 36790
238147 77893
219204 242824
267261 218771
199340 289901
161959 170668
140910 63195
270406 188476
120300 238555
131907 228740
210733 231879
192327 277945
15988 228777
107417 128430
114962 69654
32188 30768
71838 64893
41789 258420
164133 201431
234401 8654
98292 179171
110972 81421
61494 266060
67723 184426
216374 292656
199692 254914
105167 179281
84415 147906
143378 163415
242126 264828
142045 171843
20045 93595
157437 79871
153609 293027
251505 15199
24182 33404
86341 158872
273411 51128
171923 251075
69411 190730
206009 29637
189251 46875
24041 38261
206342 186196
197812 173272
222280 273601
181208 127998
220415 45289
213835 213885
174764 97605
234304 62176
201360 289116
235177 269502
203669 298552
138269 119266
216485 175259
157170 214226
200253 255752
177287 251744
91725 213105
198528 214673
196202 145607
9552 57322
260742 299675
25919 299442
67841 238247
35433 81136
279752 107110
75451 35308
198103 151196
116376 98799
17763 142791
107787 41199
235967 122210
36004 120730
8712 110431
2502 258422
63263 208128
99729 12064
201477 16549
279049 200195
46819 274546
184538 270339
292937 104966
212460 172653
136868 222353
294612 154974
93831 262149
234438 193205
109940 168272
211011 45214
274513 242988
221333 42791
62451 68836
182915 278828
13966 106221
227530 170408
195683 179387
229572 269917
282124 105495
50251 192121
169977 266628
235444 273920
2518 57435
192785 66360
86100 185347
174273 214197
84591 11229
68171 18682
296738 170822
16663 139407
129641 266483
253833 62703
282424 172743
266295 294484
85300 101431
195794 12549
72483 116036
105979 232426
187285 186549
299393 24681
89710 216312
243518 92038
123050 113667
299793 39290
218038 220239
283615 74867
225377 250147
69628 49440
146625 273409
298624 177887
163171 15225
243002 145928
256942 178817
76253 189228
56425 199566
35592 104005
237294 30669
144901 118285
2628 107931
255788 204084
86791 161801
216436 77613
248983 52013
55820 139456
163207 250110
91677 114166
161500 165603
27778 166205
173705 5932
18754 54524
24231 11273
59788 242246
274625 39164
254338 220757
164478 54833
198872 137990
218817 77176
265375 57830
196824 163676
123366 223549
279154 248784
113202 631
165544 262338
37329 280077
16925 167212
158126 253979
25759 175029
82912 182479
231257 260210
47509 49328
260266 297432
68816 123055
165703 265613
280454 263336
233467 161562
277592 32326
97775 208031
135226 174835
196339 99251
32717 282603
147637 55639
3439 142451
64485 106681
239338 37033
18413 145584
178250 224251
188545 115037
271931 116931
40113 90328
6193 53580
160041 41631
293904 173210
135497 178825
132886 271985
277134 186429
282559 131376
118120 175572
145316 277237
130144 35140
51831 20422
46384 104293
51642 190661
230856 192149
159287 246754
235931 147150
154513 225821
236602 74830
43967 268067
143051 176933
134878 163494
38202 43687
79762 19509
54952 28143
122181 194512
88240 161314
209528 143488
32695 8703
83822 267623
184384 214134
140582 169751
74682 188155
190266 211868
236060 102424
244190 24517
100607 253603
91887 291829
286263 197119
56912 96229
176242 144491
298425 279361
192522 156578
2187 239324
62492 81916
177559 173316
233056 91919
243911 34215
195795 285131
70947 54087
257746 59858
215425 81220
179296 68751
13122 72307
83643 64278
71809 150083
134715 285758
218987 152294
12754 207741
197096 84857
135397 145424
190933 67284
189578 207907
109287 25364
114221 212926
254277 38891
128026 116769
130729 205328
286437 82075
261808 252679
130793 90325
49599 54968
222760 67935
218363 64890
19587 264430
211776 289756
190591 183057
284743 182593
151181 3630
16823 267424
79028 169247
23600 147582
173330 289376
245440 289097
280676 93211
120017 92687
141509 46831
27293 141877
87102 198767
74053 218071
83182 187686
160987 240882
290944 96471
188558 295438
257548 124535
11392 75667
284508 177115
40145 287078
127641 42074
280332 289462
60716 4070
63051 124244
112180 36553
98599 184575
179436 245526
111404 192977
233514 221146
215071 38685
55994 142699
47457 120134
69582 197382
200203 240228
287715 40622
136660 112449
38730 239891
18125 16859
279168 64129
283133 76301
34622 228369
224652 159109
44787 105416
96236 192370
257470 196208
290093 250303
76996 229174
106370 248124
28512 22741
171400 158843
79441 111789
77252 25890
173577 19444
278052 155466
15321 178607
246768 223033
286223 152460
268403 217253
89200 140427
250015 180564
241760 204423
104944 283009
111437 49063
56107 201865
232752 50046
266838 108526
286103 153646
81360 90292
139978 176587
159968 118360
126210 6014
71641 95581
15365 109828
84489 231276
7971 231172
84836 204448
91327 247962
153399 190711
163175 269255
39956 220874
204738 160411
113053 163268
184632 297508
98000 293572
111681 238983
21238 117248
111295 237064
155967 175576
24628 172455
123009 79092
102600 259112
270394 262800
126944 23041
168761 242357
31341 72057
117509 298518
173549 202203
266734 85239
2488 11292
113891 116084
53067 200668
63585 27022
86882 198375
73533 20822
218905 214901
227295 216554
227131 219376
201903 167155
209211 134569
179619 12728
235444 272689
209167 166723
251777 237076
243050 26867
118721 106911
140128 52504
246589 86107
146860 191111
45823 123212
31261 128546
201740 23942
106327 232636
260929 230721
41636 132341
179041 87462
41849 86397
254436 123704
131705 99942
277469 107205
291376 223958
184195 99064
255233 203327
215480 124843
182482 29529
241418 50031
133304 67412
50088 284379
286733 267933
203471 185680
200010 90793
97554 274610
3684 78769
54765 84279
9474 91242
157314 215592
121202 125029
207051 259082
240435 102729
180923 64553
257095 31958
279420 178768
125017 49550
77104 204290
149593 275714
208806 31619
109957 245021
284577 278477
1756 291884
181321 149134
178424 190050
138802 240092
73022 45705
79705 22715
65050 215491
90899 142418
245709 115342
45619 13939
264476 167870
222212 250137
295187 284223
273353 2480
232857 255460
200268 176146
183681 218815
111137 103441
91569 40888
67113 35203
104963 218724
105949 190028
298852 70578
80379 45622
267665 163775
85869 136197
255958 222300
106193 79875
180367 197779
135690 213671
77494 188722
206527 199082
99059 159073
35723 139854
282125 167114
187718 21942
295795 239935
201044 129991
99079 152191
42354 261625
178636 107405
75970 186543
119684 222177
156682 171581
237100 229819
61279 110606
286120 237160
83603 139535
28940 90685
128587 102959
153655 255147
46540 222578
262025 200911
111568 236907
66404 91671
173077 234546
75636 151707
188070 236186
144161 206140
158439 94379
172521 101688
253417 28423
237759 134424
213896 198846
284856 60916
130356 106435
276681 288887
272146 173866
238813 273244
114027 124020
206342 176070
138345 98073
165559 150830
85839 76375
131646 156946
169819 73082
186264 199307
84199 78663
162425 70167
55425 221355
80086 202362
179834 10454
296598 119738
205320 265408
211108 294750
40315 234343
765 274067
53357 169229
189517 218710
75181 113292
13277 168053
111742 25638
158176 205550
164967 286301
184633 239646
290995 224086
220023 52422
229989 167353
63473 35949
104229 194327
10754 88580
11258 200811
160017 7719
51522 72357
95477 212586
82551 170528
270555 36413
28535 83974
15249 88881
166395 68793
49219 258160
72024 188005
116831 84572
51349 213454
194584 133810
15173 191861
195761 207433
183709 63755
202368 292079
66816 191910
254462 273470
12850 221387
46104 33350
29049 221530
211608 83723
102757 273662
201863 10667
48602 151855
5505 143831
245740 74340
101412 137479
164089 40841
130230 117254
282529 167584
21489 190102
102683 108657
12309 235274
294050 650
79748 233328
788 263489
125798 111804
120131 251287
97843 270806
85076 286116
77539 135996
31786 67413
89619 253574
299929 188944
285654 2227
23772 271508
293622 219314
151003 43489
198493 4801
275317 156258
226173 45492
199149 108822
190584 180478
76688 217239
88117 82685
108470 76472
99280 279141
299545 114577
50226 231401
174292 154610
78983 112590
252851 155904
158115 26339
143226 265315
170012 162980
66031 281942
121882 166521
259284 149595
211228 177556
32470 183583
75745 201399
164443 165946
160254 159194
130039 166565
226216 262341
272546 228736
10904 161733
235173 235478
151842 68961
168014 132119
241700 215686
259231 107727
137946 121788
102345 247912
228539 260823
289027 134541
41224 231712
88889 61807
17612 170512
65030 267214
118968 238457
201581 146305
14742 188487
20112 83449
200550 185455
32437 114422
28419 202589
8258 146588
254453 4859
297476 112594
37331 31279
52947 170669
198746 102135
158176 9972
244246 54501
127887 47026
128001 72436
174770 262667
188185 32076
277618 83576
203573 273159
283381 249923
234888 218685
231935 89390
164010 21158
16209 103406
214521 112001
200107 147231
250807 108359
58045 66946
195065 268382
110889 175070
244672 268165
19677 256968
278182 38571
276661 292285
17287 126157
98573 30462
211147 258481
42758 139263
275958 140791
204151 298447
70464 158825
288973 102292
291559 176624
285359 147818
282459 280787
212387 268958
18577 180074
116163 204109
234339 43009
84473 8530
60720 211614
31826 124212
82914 223712
87109 27497
180777 27035
244321 98009
255314 72432
241058 236013
295272 144006
32241 56048
215414 98700
37604 274246
297025 293178
235194 290423
250151 47156
245075 199567
31503 138217
11288 209915
185299 33158
244487 224074
28218 234829
215430 18120
239990 266675
11472 282787
76460 26240
132066 150527
205397 191792
209740 275087
145930 5836
175997 144805
104906 160931
152223 68692
169704 92920
37977 220427
122291 16192
70336 100
148738 278161
188102 243745
204853 224687
243651 261879
175007 5003
10056 291664
72532 260259
153433 152249
210469 14457
30834 48806
209660 192610
216087 198085
9284 69930
168067 65153
214299 241797
288022 131026
157913 208513
65940 260600
94261 288664
7965 2892
244043 221191
245046 123064
174977 198896
80389 88153
1603 130507
22423 104879
19765 144936
57823 66110
207207 232156
255664 121804
1294 170213
177920 42464
209969 160638
160290 161878
119230 254221
77918 200507
272930 181576
139951 279380
117070 272603
205209 39716
90176 288121
153190 57447
156873 9948
218061 160266
279403 107624
14617 237974
20676 283503
121219 130721
131729 23947
47689 269621
200434 212348
142961 160641
275179 112313
265716 129892
197540 26233
125526 45800
110547 272450
274779 50616
85174 39472
259363 268463
165790 279775
205744 22349
152643 645
286180 195085
208264 253155
213903 88706
132883 241378
81253 210287
239673 193701
276706 136516
243518 194187
50309 259099
98351 185132
273596 15523
220232 174150
193212 129142
158832 65343
25217 100088
204463 163543
294334 137277
197462 182992
260316 292602
154926 210272
34952 281946
16554 266930
264172 193992
225813 227804
187986 11808
178477 259056
276973 64072
91072 253458
10286 78913
117440 242345
254189 134297
129664 133811
79607 151364
183968 230484
65359 112743
129444 164202
8608 110061
264977 77867
68791 16399
268251 230470
5319 20397
156337 213215
69332 102062
137336 252137
128212 247267
211696 36358
9096 54375
271990 61477
35515 71270
193988 126439
131789 38515
109781 61056
15337 34669
266853 37930
103553 47714
278385 30773
94054 171105
144391 42478
181964 99061
288349 66676
39945 52327
174006 258076
117988 197474
78658 2648
23667 145499
253067 34638
278490 58217
48769 187127
141182 97511
131973 275849
96645 15929
203186 93419
101420 57591
5281 281057
39291 210577
100599 99615
197351 161275
178955 139174
121165 278685
131204 6864
225651 155579
232608 38529
24210 96549
286952 145896
283577 80210
160326 126666
244117 64838
261496 84477
18539 198857
146484 287354
260153 88199
12309 127685
212413 226688
257301 195592
267937 176691
189566 227392
243693 257879
129873 136984
210899 99436
230710 233112
171526 233351
58822 108143
20831 254367
181266 4839
26052 19784
83176 268974
188859 173244
160474 35340
48781 163863
229185 285453
53247 181502
108335 171782
150296 142667
47517 69945
86266 114353
245665 220755
269135 82120
70233 52587
220645 75331
232459 60377
289594 111581
241098 279797
175420 96647
32437 208081
20274 14203
88168 274
34771 122250
4360 65511
137494 233110
125968 141449
294842 151886
262515 68394
156447 112157
215754 177012
53926 242007
141424 55392
289910 146299
254312 35212
141226 291357
70270 185023
165774 152574
218150 78148
227704 227599
101626 226018
168469 276693
236316 218826
135147 50288
160900 75830
238542 69903
169205 93767
55431 182183
203757 220398
11053 271052
71192 28846
253619 37009
106035 235235
11961 216997
158860 29525
156848 63845
222714 219996
82946 129648
7341 165779
100017 244642
249230 284718
4312 185953
144163 56804
196407 246046
165445 188717
110280 175026
220439 84806
259769 233045
11978 132209
187358 77257
206246 259386
150430 69198
196937 57556
25185 266963
24329 95267
76013 237313
160479 284769
225384 56913
298623 197573
174007 135332
182418 50675
232108 191936
165527 71074
295562 157875
132379 23435
189389 246136
69073 266899
69328 125892
28753 34722
245179 138171
54865 38876
299084 253378
143821 128919
35329 296128
253245 162822
179430 189135
33035 218378
276465 20578
26205 41082
1755 107727
6569 86225
89602 62610
81441 66263
68799 82561
198632 108841
135392 140192
115747 6895
262485 224645
33544 284551
133291 210434
129720 218797
58351 113282
161041 191502
18728 120053
209814 47979
115354 221541
140011 79123
120105 96979
161167 180600
218633 288058
111483 192233
264904 15597
287100 37006
56057 198316
163708 121012
245460 76536
14545 282587
125971 125376
132060 190389
141623 33321
5512 70670
48195 173703
53777 176369
92125 176188
176248 77585
105755 228994
171827 174943
104203 211923
70433 46152
256218 266587
208872 245590
43277 100117
29463 99840
217018 89104
137363 92936
51531 228119
13227 191560
113268 268379
197792 150734
195652 67981
212646 65050
299007 89839
157071 125217
272040 299223
2189 212349
83183 299810
101903 248935
2743 82781
191515 126810
33358 143145
146808 210349
297812 224020
218794 66401
172113 127689
206144 295590
216276 180628
148797 212228
70651 4420
159928 276786
201139 195954
171588 224121
146808 151146
165318 254406
157734 108927
11235 211318
266549 11135
234051 167357
58622 206114
15242 155225
290468 264988
89223 262967
38382 161487
78618 89292
97598 223268
22167 75255
148415 55231
48775 103173
191770 212504
196112 146513
18650 91764
30605 242724
242175 144724
246497 91273
87656 242040
287758 253712
163012 46413
203259 199492
247757 239963
202096 212126
138400 282780
272952 195393
203778 149931
49645 243867
100705 80105
1716 158472
251578 229867
173593 105303
100724 39642
261963 201129
103845 249184
36391 212026
285894 34541
2739 47353
110251 70965
90114 21983
295343 163524
86013 267932
177741 269837
13463 16117
177633 276740
124194 243320
207471 184422
294260 54371
23559 188233
14430 10905
255419 123713
288932 291398
101073 4182
68612 26448
46974 81871
222658 36864
223663 33825
295961 139311
201891 51352
247481 192795
64344 225704
187982 294202
30377 94667
278583 294384
123422 234697
55600 45298
185347 252015
78326 71700
103268 75886
205048 288559
282076 127856
49885 108854
15734 20688
161209 184768
212015 7450
96961 173151
28856 174594
219371 115280
256202 261139
77904 58405
150637 271282
124482 242929
77739 1517
126078 248349
206569 184986
229058 47768
234307 12477
271394 407
106701 188184
136168 112829
119393 15343
136286 193114
278788 255539
177079 50778
112764 228843
100784 153993
169661 14721
12825 265324
85856 208332
50636 209568
176175 44127
282724 240717
103204 161258
111928 253462
153525 82813
194203 196438
116947 252929
125484 138652
245735 179442
170193 122352
272385 76164
89668 212275
105957 281327
219694 299551
196968 35178
255235 38921
67679 137513
161007 115218
276873 69685
269757 287914
13451 296419
99518 208819
34753 108020
90093 62544
12953 253203
251699 50367
299289 144774
290413 211652
140156 294588
124273 292857
78236 274179
228805 111561
1039 172557
25569 187258
39083 98961
149752 84542
111795 24939
50987 14410
197521 197561
94067 35904
97435 33185
95536 203704
226792 107403
283203 119199
266202 259210
255588 193587
6720 129218
99224 114866
284735 106069
36400 196304
268695 50214
155125 294151
11593 178460
67919 211089
225197 295381
160309 253758
171242 205282
1131 282610
68635 66936
64251 235350
35899 82954
205974 41669
86952 202350
205503 162548
267064 166643
34635 279889
257142 148941
194879 88726
231965 182890
88450 283094
223100 247112
10615 56900
24055 58222
66627 93534
256493 236960
233945 178631
84533 157571
21090 298083
174838 65407
92385 219449
209182 192506
220906 206870
103811 234793
151738 152708
229556 57663
196594 142893
153544 11815
251234 36116
12623 291555
200486 105233
21915 131688
171629 222418
203003 251021
252220 268474
3047 192864
43978 126351
216176 84539
130428 200786
125706 231274
250078 162646
102103 174096
258155 113260
231139 38060
42750 26305
212688 148064
154733 84161
83649 166887
280208 123704
20740 193156
194188 38324
286752 212208
105634 160081
217726 221955
246145 276618
265612 167787
137398 181302
12634 34731
152440 7198
60671 231691
192885 152938
235608 253113
133776 27301
8611 48199
136194 80955
101157 143550
155497 36157
237445 213184
134545 59408
176734 10791
3258 13523
298644 81627
293134 67757
184396 151916
186048 626
180109 131167
147802 285852
113458 113151
142072 117956
87196 61648
228256 287212
149863 169300
38884 288088
31736 221162
161859 144748
40016 43850
178020 131069
164094 86305
228851 91955
63538 189610
136283 237803
138837 23314
222670 87501
298553 175008
146434 117482
255102 6244
272437 174856
214133 23326
270971 132488
278157 78485
81146 287764
31867 174511
271658 214017
239660 204456
218723 78480
86021 267049
49219 200445
224238 181959
107923 74513
241997 259103
176126 81814
143104 40557
185348 264831
100422 183728
191655 253712
228562 186576
248580 293246
77912 123672
260060 248879
147430 34788
45920 247039
281613 232585
112724 233036
100302 60978
111473 197096
142163 12699
122723 13467
175634 252108
284431 290816
235948 9603
128222 206201
148872 26387
171453 137497
195537 215556
89014 84516
45760 183363
181914 102861
118327 246445
4086 202319
13917 220702
46695 116946
140230 288117
294073 178764
128179 58054
2267 81048
71660 14829
259334 22375
296628 256253
35676 84871
196197 119813
117440 109512
162099 285388
271683 8559
212390 142065
172957 202277
221973 223272
261395 142197
234893 273903
293699 34330
17360 235705
80269 104971
206120 146830
44425 109688
250624 140141
89818 131630
112136 243410
89634 284969
144331 279430
97534 62571
256566 210144
141891 80637
27883 289882
154716 216201
122202 110391
205188 242687
226184 151312
7195 77278
151106 271808
239350 107685
33740 207267
8728 94280
145790 294381
96140 255431
233598 96952
148137 62370
204953 141064
216341 182316
214764 45608
279018 46355
121375 66510
296830 200379
191308 240443
76730 227465
291891 111041
56489 213640
209872 176184
114723 81837
200591 129563
140484 65842
186018 235140
116934 141300
161961 98615
66743 99369
209874 57936
273909 78896
104363 66078
90599 24622
184842 103485
120697 204742
40170 283556
117900 92621
272379 58668
77050 45750
84556 189452
101273 149536
60334 68532
77071 22520
246883 211824
94224 204071
139430 232459
198454 59862
41280 134355
124202 53115
245206 64306
224639 187724
272984 251532
220269 153273
195994 246906
194916 256392
211094 268372
62575 257576
196669 69134
113944 63797
227269 179936
54213 168635
290332 171545
154968 92640
156573 282049
28633 68599
33816 198162
218004 296976
117646 62877
137076 49531
17399 53604
21265 114139
281448 136426
106075 122723
174339 33000
242987 110179
213067 38868
210838 118984
33029 139058
43114 125517
23435 39807
101680 177600
175319 38575
117974 25437
27992 175539
264352 262036
217214 136918
120198 29653
125905 96494
132505 98782
282031 204746
39544 299417
171470 144138
42858 219395
287187 73101
63699 174043
171818 146970
68300 146834
28112 12774
45018 23544
86879 238075
256803 198767
213092 140665
81970 237507
36394 146495
296938 68086
77230 245812
272610 264166
189438 275950
149902 2941
32233 210870
292581 225743
286625 43788
103199 213812
219127 84530
264497 257005
36244 72708
11662 164976
29544 150781
81137 42538
180794 65699
169168 285876
297049 187752
186166 189771
95967 173675
241449 164321
217050 12041
108757 203245
190334 120988
183083 261829
61268 16984
54221 117629
248805 70570
43594 128639
50933 288279
92903 150083
279319 103987
25338 3150
27315 250446
232714 173634
103791 202169
256860 231337
28607 203382
262843 109604
188949 108189
219232 239903
89848 26070
56454 5971
79923 286408
218486 169563
51862 84756
8221 231715
69091 39391
209798 234016
28387 112351
210318 209371
277814 177956
109141 126440
192267 23009
160277 272942
80884 299078
214823 242517
152680 174265
194948 1049
203676 274937
205746 55184
88853 16333
172482 290519
18 115774
229212 103306
254212 203869
64356 62031
235836 9702
125778 94372
186119 255655
48576 241561
119758 180009
38466 43833
142143 195509
43705 193388
248245 251660
31787 258415
196726 165488
148005 214538
66327 70722
241575 119399
178629 16668
136321 144171
104562 86318
17769 221106
139724 115749
217667 234910
200080 49286
205674 171249
91507 229785
142019 209198
290429 118437
190914 127751
279430 139665
252145 166956
14751 22123
17648 282547
104430 76232
132426 224995
224537 209715
33105 184991
105918 131192
210204 9410
144901 188045
275108 204217
227937 143172
164558 59868
3951 146593
270792 136227
200797 129230
137395 22873
229160 60648
232223 3054
294763 15851
162819 272218
236555 203807
20384 113402
289799 272851
151272 192306
194616 132512
128920 45814
269036 179293
177582 234474
70184 110081
158407 150527
56912 76777
26897 112258
154369 292018
29679 81636
126090 123473
143204 175609
225391 203592
52480 230609
227180 267656
212997 26891
264265 233709
18623 32593
23352 179427
90929 178003
144086 211128
206446 119146
283403 223988
195278 286229
100937 184180
230799 159895
264165 233916
17294 206250
220794 125515
130454 119327
66602 99611
120753 221264
168430 292466
14809 114012
43351 151838
197312 168860
180656 252748
189504 32917
183669 118137
263654 67567
245448 34276
296113 19228
101069 78009
60256 75239
223218 297940
32959 96690
253112 237801
19342 161346
120894 204263
34197 5991
66640 118927
273646 19343
48641 235245
53728 146201
200709 185760
158823 269807
169871 127450
72582 43086
206182 89607
171109 40119
137259 90472
76067 243676
37669 154999
42765 210788
204041 286249
63672 137314
117726 146633
253876 79799
107614 33423
177056 228684
209481 37517
77601 115811
133261 164587
89196 71963
262549 168951
149942 258017
215922 80443
294564 105954
298557 185969
126678 250379
62515 129383
61064 9210
148446 80782
24752 264206
242090 36458
272172 198705
285723 165718
267918 62140
70765 70498
244571 21191
232194 185626
229958 240480
171719 95127
50553 261349
229414 58423
272098 144398
9545 296136
119280 23751
127613 115751
283459 248133
258345 281893
41482 142903
165396 275622
287865 141206
25364 291324
112558 241055
108734 184268
102342 200845
113746 32876
53438 274963
276847 33424
180593 229545
62392 32972
145022 250831
192672 258661
269677 243871
41031 228655
284833 272488
76913 148441
222345 116869
292924 194102
208641 280720
63258 244326
12711 264392
291121 238055
291825 169303
23835 78554
21340 236619
212683 53853
183456 76524
10744 265562
9333 33245
129023 265171
203136 233459
117568 26657
114693 22352
147327 90274
154032 206893
93020 71133
168157 197147
268788 202891
241074 239869
240769 210589
260748 43673
37269 277806
129655 192394
23778 75498
273717 235084
138790 172789
202120 73030
275800 110466
156130 72952
172745 260209
75526 258896
208148 38894
134048 76046
93051 194747
270438 3514
25325 231541
247817 103301
53739 183000
42548 169118
190859 39461
208217 61279
227518 218655
11827 150937
35158 12866
127296 181454
247909 121646
295196 94506
88714 43685
41697 286359
287435 260210
120158 227884
78544 220345
139165 189901
194802 217239
33663 289594
80114 149486
8186 241840
97234 140888
283504 105778
237733 207879
159169 125853
190902 116335
280455 285485
123073 109945
197093 106693
219145 669
263128 3243
83568 221853
5405 265750
68451 53660
154921 196138
160944 277116
295286 37405
57157 145374
146831 142502
268226 210207
239859 285911
216499 242085
67684 204437
112188 297815
188208 225436
36357 250210
79447 98248
82082 139494
19704 297602
250588 245659
220818 251151
223269 191576
222128 225268
207080 180856
154089 136568
262100 226730
25656 199794
132246 184297
99608 265005
237762 83443
139385 38529
5633 136388
141020 200891
259837 21198
239079 259788
166202 79488
21815 249639
27971 237378
255770 49240
239938 268815
252042 60738
47975 4364
292502 99663
188488 57976
153787 37114
210953 192946
191737 146254
13633 230998
172283 154202
49761 210376
177286 220292
23047 274245
175691 92065
19354 167396
292227 161506
135312 252735
110928 207324
159136 150946
190135 71077
276557 39487
6000 29195
171530 278265
217990 47535
273007 34719
229056 113238
108578 53594
30243 208168
120337 161225
146964 79662
211939 222496
80189 116017
69587 47105
1630 168253
46332 204559
62894 39666
210455 271738
232028 140352
2338 121331
190059 26443
14972 254320
170208 224239
142997 178777
79304 17394
147669 22432
214566 214186
59929 42160
103914 179809
276670 238186
33873 12679
129224 31588
46157 39308
261651 138561
24181 175376
246497 23812
65892 149017
240456 188081
184770 147666
108348 25218
287443 17380
72102 85197
53374 130735
260275 147737
188671 127684
74270 268063
91859 187432
120092 77224
224800 274165
159977 166358
181363 203079
32439 213834
152826 279279
154878 250238
283272 170347
120008 212955
106831 96558
108609 54998
116962 176883
57957 201494
197389 284217
154035 214576
33273 293911
235596 159468
213103 61520
63826 12372
32910 235585
81674 284955
279642 84329
204398 167738
18344 20526
58378 237583
297736 111922
120630 236328
118269 68382
251086 82852
73832 2850
288505 31885
66084 177515
171442 202356
22583 10086
242446 54757
258225 284159
227303 148021
222845 277098
69877 165472
260638 218824
23876 284057
176689 194154
149768 245087
270178 138711
268337 184350
118363 7220
155175 55396
255925 240725
215829 256425
227463 180913
295109 229450
96518 224200
67153 82295
135971 138527
238773 1916
41725 244000
298913 2928
185428 48095
255893 236682
195390 207408
286808 69744
245604 158320
156478 28922
245158 146641
24494 270135
53806 63906
103757 82163
124944 245723
144786 106490
109716 262802
212543 112974
99010 15935
86039 73322
87537 47186
140516 80707
216087 281332
54283 152821
158621 129507
214495 275581
70509 52993
89463 147762
8488 145334
86912 19764
57099 197648
229303 89740
83001 124709
247826 216929
2319 298655
2921 208780
142479 160832
11498 168698
85524 280063
34217 263726
138486 167503
34372 154396
234106 181635
30571 264714
92067 72172
260808 169934
10180 269174
278285 52629
137614 192000
38604 56722
210787 4941
244979 225609
109037 68699
195158 280869
221039 28975
228050 212127
262821 123872
266598 246246
136073 184594
73865 130807
279636 190486
236377 39653
111079 156365
66073 112759
245521 30707
276157 275161
276698 99358
293393 206270
63699 14380
34621 15478
277740 91750
227529 246423
18465 269094
160086 283728
239988 288934
209501 95843
37041 299642
273147 44450
42305 87311
15172 16368
116784 101948
287382 65512
215823 24393
214047 209259
125007 49606
279083 204801
80245 85621
119896 105317
284426 121295
229179 226345
235529 2141
64378 205469
10633 209612
47670 251520
53364 145940
163842 111010
53241 38925
70973 206938
91640 45038
94531 78352
30998 211071
216789 227173
116256 254673
249779 107140
166678 278436
194161 158826
231356 111857
90922 199710
207934 164145
17140 281453
36863 7287
279635 38958
187851 238955
286276 57534
259470 60379
212522 196489
71731 30265
259026 99589
95310 227269
107245 194632
155358 184314
219691 124464
193603 69864
211508 294308
18073 204640
77817 58793
113505 273955
212926 121076
283354 133267
255580 45483
26343 192174
233083 137477
251744 12288
78146 149967
75912 63446
292081 274138
163581 296330
253323 190408
183065 38020
77613 294929
93753 57805
194515 26827
59452 267746
205879 296414
28508 105460
203667 170959
157617 245573
202 238093
222220 42939
145102 242334
143558 24645
8677 296800
7951 197096
117582 129855
75554 77323
57627 2681
39316 223704
113977 21069
222572 222970
220597 92430
241333 139657
107653 70019
253068 252248
270819 214706
13679 178104
268156 68170
296662 273410
176990 286810
171488 187411
51275 142985
275435 73749
95383 217523
250332 18320
5677 41735
169927 267328
27488 28344
209543 223011
262929 97503
38823 49382
97752 253839
217795 80567
98829 51620
240176 256100
142636 266324
44827 276424
67210 135012
215016 254759
103931 254897
109182 295368
276407 37246
262941 218719
21544 242181
184058 124152
77463 189036
273194 295736
120990 41924
216557 191860
212357 256237
219260 77177
165153 113008
113969 46
15920 70933
228766 260624
30391 209090
21262 239548
50885 32527
78362 156066
25876 170320
237272 2890
190420 42588
165990 169426
198807 297924
144043 172458
18524 50458
20414 165266
130736 107976
140258 296360
37436 16606
297443 50828
22921 1812
281172 282556
156859 73406
143534 49700
247507 60038
164225 170476
45215 99856
76395 80744
276722 141862
267297 214829
252833 35973
68143 118980
37136 242346
90198 163328
244383 103591
277842 50687
43866 93132
121179 229235
159550 145415
7799 184621
53228 75208
167763 77880
234964 236720
108827 106880
57460 19468
218570 236289
258167 24143
117069 170881
291542 140176
175669 140828
107644 236763
17821 296387
221484 147672
10294 9981
117455 93666
39697 234972
67945 989
85615 266601
269564 267359
291181 149973
122731 110409
6634 116888
169324 222171
142178 73409
157750 223544
60474 208819
113056 102073
90040 229284
139990 203537
267415 291148
7173 153979
159543 108172
1810 197297
31002 155150
70712 7373
154918 13424
272459 142983
69812 36996
180739 237920
248237 268221
227032 228759
223288 74323
84925 245908
29653 119419
16720 224959
102159 268072
71235 134444
283880 28669
88419 296390
58350 249351
228424 173468
283341 273512
142988 107090
93119 36417
265943 112710
277060 266873
170497 67618
84960 91431
227747 261780
176305 81472
208800 146133
298430 221526
61108 91312
280328 228738
182282 299420
247485 249025
97236 1193
243562 176484
202132 222944
161508 21016
54623 194558
138784 108159
136854 232472
123492 232398
38895 240655
105815 171359
27892 68477
185588 288956
299631 91675
166263 118556
173015 211410
238323 184028
89350 228975
284273 177421
120660 263683
55909 271197
225580 233235
30139 234793
292569 39551
136887 191724
52273 145011
164290 196317
238328 291871
144045 87752
282908 218270
299120 13424
289085 62805
61194 85020
117192 275101
128090 91819
266131 165554
243785 175824
49099 163908
229630 238824
214703 70629
292323 229628
203369 44415
78579 121799
191174 82071
216267 139622
63856 190961
6080 295094
160854 278740
229085 60057
254813 264500
3949 189162
201886 27609
139277 221434
21715 189280
183250 288854
76162 5301
149290 27607
249301 253783
40662 296257
264456 155741
63887 113910
178254 281619
154874 226438
279290 118422
210915 283805
268733 162650
28119 65093
50020 288687
138678 226082
41760 98561
214446 1927
110495 194240
37600 29036
51208 165387
113068 88986
83557 277030
201984 134245
251317 115526
98365 292216
105781 243739
250297 292707
103630 260114
22700 83745
12935 214799
125549 129852
260210 87302
121900 231120
65439 164348
203208 267181
218097 214749
99226 64391
242302 20873
200628 4432
83306 261558
13513 89937
78297 294969
183009 36363
17343 223727
25999 21503
92528 241698
202125 7828
139805 60831
226554 134487
196768 187797
71154 16306
28591 294486
213958 228932
164761 245642
273292 104944
123808 256454
91746 194057
207564 112523
733 148264
218104 271292
207808 98860
184026 113711
86463 275670
153272 299191
201558 184317
294356 49151
23591 160089
30651 107543
131392 55910
274558 72384
159045 291152
104456 270627
292542 60794
278148 271781
71615 243858
196206 261968
210020 26929
149019 188263
182476 149475
64995 38836
6625 29836
210598 94454
91328 184862
187688 243297
131050 81964
225197 16012
76660 72487
263760 245759
135463 113694
54662 79911
171159 96781
40147 40062
121695 34082
52974 14577
283840 165250
143140 204247
262698 21672
102483 169107
153899 27766
257224 28036
292922 148587
112153 57848
213078 256616
155703 24265
212517 71978
218128 250982
290755 15069
110763 162349
195472 221911
127336 231367
9384 176564
252264 7628
267670 240707
33035 252176
270004 179104
255902 51249
210532 156613
223030 43727
151393 13005
17891 70747
130153 183082
145964 8501
180122 64904
84213 74460
126815 142220
58910 43392
247328 295160
188203 245292
94623 282036
57544 7232
39449 170738
35273 85660
205316 56177
29309 244111
170645 43910
226369 228052
153668 283416
34112 258579
25765 231203
123751 125992
138751 205274
110214 253703
23937 27494
168200 271173
11207 203374
202615 153025
95176 276402
27119 54947
27305 123185
79533 250056
183481 267352
244621 284236
228827 215385
261590 129467
250806 233866
260607 269532
263902 259770
181818 208805
121334 7813
221206 284281
147981 117263
273609 92784
219874 283594
3799 10811
137062 216102
176148 46054
35528 276317
287610 165155
15226 237358
177415 294559
159105 279581
39810 123858
230374 226491
273129 107777
256165 170056
284447 164253
156644 229654
26456 298842
102466 278728
263263 217829
299334 296705
217062 264608
247216 79549
202287 108474
165056 19403
217515 229814
47081 129839
29845 204423
82093 65320
72531 294511
44003 98137
247011 248165
211088 6040
146238 38929
203626 67088
58348 158285
147012 162750
270977 240019
29365 25380
56477 241482
12869 112962
231870 194988
127757 190477
23516 259328
115255 100970
244872 284574
207183 126512
278316 244286
31761 7172
45386 46112
149866 118194
226988 168421
113995 233341
201700 196437
216220 156381
106635 127532
57024 162828
67329 42416
286583 106086
230111 51358
59681 128820
40246 114935
235199 208947
222729 17269
102869 195989
193392 291179
688 264489
224119 167800
109137 206341
164902 90875
199196 91741
7460 172668
215690 105233
216332 59553
272135 214958
294886 45822
222647 186357
167637 168830
295997 282640
180267 23219
49704 252392
78928 160515
269934 299446
124943 141190
248239 120600
5224 31408
11501 299590
121412 6391
15313 252555
151509 209686
174014 93650
19791 13243
98593 160194
116721 223803
271609 109392
157513 118985
236745 271009
36824 190292
112316 180254
153193 170697
170218 156517
126424 297555
48204 64935
267410 273436
275554 10766
218591 36036
71236 145852
229564 158009
262076 54977
164708 219034
18640 144498
166784 241415
185927 42726
169297 86981
78901 163811
117395 2313
32579 127106
24525 170870
139449 277847
236818 50733
219073 7874
186136 282517
252993 132943
148968 186686
48795 237499
147916 241693
129683 206443
252425 12572
64652 161895
299052 224325
171960 186816
180552 207533
103438 230427
56430 253442
240560 56540
127816 255072
192079 258141
54346 46482
77850 75063
41002 135439
95449 200454
129402 206147
248735 11864
28182 21879
220066 42030
191958 268164
23924 206940
179893 192090
228672 151852
205297 299899
170025 177877
81224 116952
295250 25848
277521 172399
2137 80733
138675 180739
293825 137897
58496 178276
245091 139862
148521 108550
121081 169591
120603 201317
25323 207514
232957 55948
185705 19321
286027 187362
73209 280416
242520 108782
47297 79925
34040 18892
173847 126863
22809 287493
152097 143432
191771 8041
298074 79114
282691 188125
88623 118662
52868 13708
36238 289690
95919 2522
58698 140424
101494 43131
285826 64406
7780 198644
209165 199696
240484 46177
299086 60442
58647 139154
101456 163428
125792 229185
271978 270101
69584 284389
37295 169002
44130 134796
237679 63592
198422 248484
87831 44508
51208 88212
147238 234323
14397 176285
4090 268200
260364 236282
272095 145922
17736 151445
154822 296216
290598 286469
13719 18783
162935 286702
206317 150301
8251 138485
118803 254963
39282 63650
271180 274942
174402 81498
17954 86064
273762 269078
178484 60608
54080 188301
129140 138435
84861 210277
24014 164454
189607 88624
232278 191219
285291 148151
208129 95071
34064 79863
126401 118676
234929 92738
36209 243454
261540 158597
205481 160542
187470 133556
123816 211550
231799 124504
199979 165696
152329 36017
262083 200042
76630 205138
135893 249905
51156 100628
218676 91961
67832 160302
61926 298005
100402 205545
78029 8051
126613 189531
38623 96379
205445 47085
72256 286203
142318 13181
222195 77754
15108 15028
114378 96792
67055 112863
29078 104404
123753 173742
286563 11265
211205 78063
91552 161552
217731 45292
182545 173606
152572 47788
46364 297641
231798 183491
278088 202472
227847 48069
201202 145622
46005 53058
252116 4505
155235 248493
89251 135145
72862 115997
19867 125081
299075 146267
204380 56346
50193 20629
145109 39640
15820 67235
73410 75106
173626 88601
58029 1909
156956 31477
5046 131432
3552 153117
205880 22355
165935 76364
245303 261746
216470 21897
113189 35710
167204 222632
240730 265630
107113 184765
14091 132399
106383 232316
6830 171930
206517 43204
165677 155208
161577 283919
269560 32423
75518 17531
220017 123249
276490 254535
162908 148049
287067 207133
9647 54418
76279 96487
259611 151406
82610 132362
121962 283197
72026 14392
13933 263749
199072 101790
261008 181999
69863 114885
195668 125744
91297 148300
56432 7306
215649 282766
64726 93862
242548 121302
294317 38419
249298 221679
115432 143944
200292 77902
167533 93110
236881 64351
258490 33280
260954 19063
93386 93712
132083 351
121472 102129
285499 222853
44204 299893
201511 36599
138598 21499
116770 229017
137943 269200
114103 184741
209599 82139
141155 288207
197004 103632
276524 258590
133723 168715
94183 25622
232743 201390
156587 240894
205981 13437
139043 238316
150487 131493
243933 103703
21071 177864
13918 90742
235118 157096
102332 240182
90457 218418
215901 146427
114899 241391
47909 225066
112727 106936
33350 208116
3293 284707
5644 144133
258584 239153
52776 23288
296233 277614
17261 109658
112830 291421
168637 116730
239170 74209
272779 46959
124800 153560
62862 146401
235086 179964
178855 46115
84186 220330
120049 201096
243218 248981
106674 23397
89554 264160
129862 145776
178053 275131
104987 16947
257498 231308
217307 66699
275062 286758
198644 132072
164443 298246
85132 265539
17134 77345
155833 173191
4150 108724
23026 164897
210059 126754
291173 286841
90985 59540
202808 8867
261798 66234
240302 204987
99113 199426
143582 151204
195664 63507
96985 4336
204986 262252
267224 229085
151225 290181
116641 229394
196623 50648
240910 37588
69639 279300
43640 15019
217563 1184
128745 283053
34385 223022
275834 196658
10960 99348
249361 281059
221687 44802
137924 54403
218663 28255
155756 26015
45721 296298
270058 245803
256435 27328
65668 58626
288250 217761
264500 296948
11517 270706
143304 242327
250988 242481
16429 227889
82444 25659
121743 103029
77286 153193
276090 206519
38994 221668
17873 257639
263368 127899
11255 251840
26074 190889
124968 52625
159034 191825
38030 267097
20221 37319
234800 180426
64169 226228
256047 177612
207914 241821
226710 179840
274443 133259
69172 81372
65648 251264
90785 35138
105880 2388
138973 279457
191859 291422
34935 144990
298621 248590
280979 79757
112546 199430
263040 166867
146930 234818
121459 242189
192195 14825
102884 89230
81866 149354
6938 226981
225632 12667
160357 20472
25058 91477
147670 197415
1790 88168
