a92b3f80-b312-8377-273c-3916024d7f2a
100
333271685633113373
303681151173201623
185954994672690293
695000491456721509
680039555562404861
711731044985538439
725639770789026979
653124604194000671
716161846351295353
727816570890872159
566821251164212697
620956504691616073
845196440395453799
654653854021285231
223117194651332731
748719891421415189
538246068210782507
497252284018256111
943293976865171417
280933065844896527
628346564170615307
641801092758057403
948744696886317983
954336792589922813
147812133231420509
164148171475726829
180021712657622357
881399208203390717
283165398427248919
708707418903355903
906957799121359589
507771796846854557
28180010211731207
86986434469801333
51967056222046367
55484120386266587
62348932029228323
62916164011214629
10252998442950701
60121208243804053
70896718418291321
67412168250481057
11683483917793561
10164509570628307
89203774021098229
48686015893045613
42504645669982757
34319381078229887
40199170549191373
49548672169916119
77185786773672977
55665697116138047
91110308145449027
71958043229636959
32274060525505189
56470133267631689
29483095002721103
95758942362202963
66406567200631753
57408403971719287
87618843918907703
38675167114651043
56742659275499333
95094847270663949
36539208159348971
74555228500222433
2700113269927121
1010107444624363
3098926469203387
7889394257020589
4255235280702253
7877669571583289
5070658775907667
1084685038959541
2089576116292163
3684597269813179
1016760595319111
6792529132071799
5439638419373747
9055450878963953
8291506464445133
1364332361816231
1788142787668697
3533074840024271
204098163273810557
207770748184508893
712376237312127343
305472219899032301
498128336889373139
749019295663634351
671977266006055631
873943770750625403
773200281706340071
882365705638032709
351570487299926971
328953932015738411
797176049395515787
801501563048360129
582028815438498319
549630914481431551
